{
  "field": "polygon12",
  "symmetry": "octahedral",
  "orientations": [
    [
      1,
      0,
      0,
      0,
      0,
      1,
      0,
      0,
      0,
      0,
      1,
      0,
      0,
      0,
      0,
      1
    ],
    [
      1,
      0,
      0,
      0,
      0,
      0,
      1,
      0,
      0,
      -1,
      0,
      0,
      0,
      0,
      0,
      1
    ],
    [
      1,
      0,
      0,
      0,
      0,
      -1,
      0,
      0,
      0,
      0,
      -1,
      0,
      0,
      0,
      0,
      1
    ],
    [
      1,
      0,
      0,
      0,
      0,
      0,
      -1,
      0,
      0,
      1,
      0,
      0,
      0,
      0,
      0,
      1
    ],
    [
      0,
      1,
      0,
      0,
      0,
      0,
      1,
      0,
      1,
      0,
      0,
      0,
      0,
      0,
      0,
      1
    ],
    [
      0,
      1,
      0,
      0,
      1,
      0,
      0,
      0,
      0,
      0,
      -1,
      0,
      0,
      0,
      0,
      1
    ],
    [
      0,
      1,
      0,
      0,
      0,
      0,
      -1,
      0,
      -1,
      0,
      0,
      0,
      0,
      0,
      0,
      1
    ],
    [
      0,
      1,
      0,
      0,
      -1,
      0,
      0,
      0,
      0,
      0,
      1,
      0,
      0,
      0,
      0,
      1
    ],
    [
      0,
      0,
      1,
      0,
      1,
      0,
      0,
      0,
      0,
      1,
      0,
      0,
      0,
      0,
      0,
      1
    ],
    [
      0,
      0,
      1,
      0,
      0,
      1,
      0,
      0,
      -1,
      0,
      0,
      0,
      0,
      0,
      0,
      1
    ],
    [
      0,
      0,
      1,
      0,
      -1,
      0,
      0,
      0,
      0,
      -1,
      0,
      0,
      0,
      0,
      0,
      1
    ],
    [
      0,
      0,
      1,
      0,
      0,
      -1,
      0,
      0,
      1,
      0,
      0,
      0,
      0,
      0,
      0,
      1
    ],
    [
      -1,
      0,
      0,
      0,
      0,
      -1,
      0,
      0,
      0,
      0,
      1,
      0,
      0,
      0,
      0,
      1
    ],
    [
      -1,
      0,
      0,
      0,
      0,
      0,
      1,
      0,
      0,
      1,
      0,
      0,
      0,
      0,
      0,
      1
    ],
    [
      -1,
      0,
      0,
      0,
      0,
      1,
      0,
      0,
      0,
      0,
      -1,
      0,
      0,
      0,
      0,
      1
    ],
    [
      -1,
      0,
      0,
      0,
      0,
      0,
      -1,
      0,
      0,
      -1,
      0,
      0,
      0,
      0,
      0,
      1
    ],
    [
      0,
      -1,
      0,
      0,
      0,
      0,
      -1,
      0,
      1,
      0,
      0,
      0,
      0,
      0,
      0,
      1
    ],
    [
      0,
      -1,
      0,
      0,
      1,
      0,
      0,
      0,
      0,
      0,
      1,
      0,
      0,
      0,
      0,
      1
    ],
    [
      0,
      -1,
      0,
      0,
      0,
      0,
      1,
      0,
      -1,
      0,
      0,
      0,
      0,
      0,
      0,
      1
    ],
    [
      0,
      -1,
      0,
      0,
      -1,
      0,
      0,
      0,
      0,
      0,
      -1,
      0,
      0,
      0,
      0,
      1
    ],
    [
      0,
      0,
      -1,
      0,
      -1,
      0,
      0,
      0,
      0,
      1,
      0,
      0,
      0,
      0,
      0,
      1
    ],
    [
      0,
      0,
      -1,
      0,
      0,
      1,
      0,
      0,
      1,
      0,
      0,
      0,
      0,
      0,
      0,
      1
    ],
    [
      0,
      0,
      -1,
      0,
      1,
      0,
      0,
      0,
      0,
      -1,
      0,
      0,
      0,
      0,
      0,
      1
    ],
    [
      0,
      0,
      -1,
      0,
      0,
      -1,
      0,
      0,
      -1,
      0,
      0,
      0,
      0,
      0,
      0,
      1
    ]
  ],
  "lights": {
    "directionalLights": [
      {
        "direction": [
          1,
          -1,
          -1
        ],
        "color": "#EBEBE4"
      },
      {
        "direction": [
          -1,
          0,
          0
        ],
        "color": "#E4E4EB"
      },
      {
        "direction": [
          0,
          0,
          -1
        ],
        "color": "#1E1E1E"
      }
    ],
    "backgroundColor": "#AFC8DC",
    "ambientColor": "#292929"
  },
  "camera": {
    "position": {
      "x": 0,
      "y": 0,
      "z": 10
    },
    "nearClipDistance": 0.025,
    "viewDistance": 10,
    "fieldOfView": 4.4,
    "perspective": true,
    "lookAtPoint": {
      "x": 0,
      "y": 0,
      "z": 0
    },
    "farClipDistance": 20,
    "width": 4.5,
    "stereo": false,
    "upDirection": {
      "x": 0,
      "y": 1,
      "z": 0
    },
    "lookDirection": {
      "x": 0,
      "y": 0,
      "z": -1
    }
  },
  "embedding": [
    1,
    0,
    0,
    0,
    0,
    1,
    0,
    0,
    0,
    0,
    1,
    0,
    0,
    0,
    0,
    1
  ],
  "shapes": [
    {
      "id": "84a83e3e-9a64-49b6-8ed1-358ecd404179",
      "vertices": [
        {
          "x": -1.991563878,
          "y": 0.8368633,
          "z": -0.577350279
        },
        {
          "x": -1.991563878,
          "y": -0.577350279,
          "z": 0.8368633
        },
        {
          "x": -0.8368633,
          "y": 0.577350279,
          "z": 1.991563878
        },
        {
          "x": -0.8368633,
          "y": 1.991563878,
          "z": 0.577350279
        }
      ],
      "faces": [
        {
          "vertices": [
            0,
            1,
            2
          ]
        },
        {
          "vertices": [
            0,
            2,
            3
          ]
        },
        {
          "vertices": [
            0,
            3,
            2
          ]
        },
        {
          "vertices": [
            0,
            2,
            1
          ]
        }
      ]
    },
    {
      "id": "2ac4d7c9-a62d-4bed-9aad-5727c03e910b",
      "vertices": [
        {
          "x": 0.577350279,
          "y": 1.991563878,
          "z": -0.8368633
        },
        {
          "x": 1.991563878,
          "y": 0.577350279,
          "z": -0.8368633
        },
        {
          "x": 0.8368633,
          "y": -0.577350279,
          "z": -1.991563878
        },
        {
          "x": -0.577350279,
          "y": 0.8368633,
          "z": -1.991563878
        }
      ],
      "faces": [
        {
          "vertices": [
            0,
            1,
            2
          ]
        },
        {
          "vertices": [
            0,
            2,
            3
          ]
        },
        {
          "vertices": [
            0,
            3,
            2
          ]
        },
        {
          "vertices": [
            0,
            2,
            1
          ]
        }
      ]
    },
    {
      "id": "10dbebf8-d11e-4dce-9a7c-d2aaa1866875",
      "vertices": [
        {
          "x": 0.8368633,
          "y": -1.991563878,
          "z": -0.577350279
        },
        {
          "x": 2.568914039,
          "y": -1.284457059,
          "z": -1.284457059
        },
        {
          "x": 1.991563878,
          "y": -0.8368633,
          "z": 0.577350279
        }
      ],
      "faces": [
        {
          "vertices": [
            0,
            1,
            2
          ]
        },
        {
          "vertices": [
            0,
            2,
            1
          ]
        }
      ]
    },
    {
      "id": "9e6f3809-8c8e-40d7-bb3d-751d84b5a86c",
      "vertices": [
        {
          "x": 0.577350279,
          "y": -0.8368633,
          "z": 1.991563878
        },
        {
          "x": -0.577350279,
          "y": -1.991563878,
          "z": 0.8368633
        },
        {
          "x": 0.8368633,
          "y": -1.991563878,
          "z": -0.577350279
        },
        {
          "x": 1.991563878,
          "y": -0.8368633,
          "z": 0.577350279
        }
      ],
      "faces": [
        {
          "vertices": [
            0,
            1,
            2
          ]
        },
        {
          "vertices": [
            0,
            2,
            3
          ]
        },
        {
          "vertices": [
            0,
            3,
            2
          ]
        },
        {
          "vertices": [
            0,
            2,
            1
          ]
        }
      ]
    },
    {
      "id": "0049eeb7-8f78-4ca7-8b1d-6bd94b1810dd",
      "vertices": [
        {
          "x": 1.991563878,
          "y": 0.577350279,
          "z": -0.8368633
        },
        {
          "x": 2.568914039,
          "y": -1.284457059,
          "z": -1.284457059
        },
        {
          "x": 0.8368633,
          "y": -0.577350279,
          "z": -1.991563878
        }
      ],
      "faces": [
        {
          "vertices": [
            0,
            1,
            2
          ]
        },
        {
          "vertices": [
            0,
            2,
            1
          ]
        }
      ]
    },
    {
      "id": "57399a83-1410-40a1-9ce0-3177d08cd4ef",
      "vertices": [
        {
          "x": -0.8368633,
          "y": 0.577350279,
          "z": 1.991563878
        },
        {
          "x": -1.991563878,
          "y": -0.577350279,
          "z": 0.8368633
        },
        {
          "x": -0.577350279,
          "y": -1.991563878,
          "z": 0.8368633
        },
        {
          "x": 0.577350279,
          "y": -0.8368633,
          "z": 1.991563878
        }
      ],
      "faces": [
        {
          "vertices": [
            0,
            1,
            2
          ]
        },
        {
          "vertices": [
            0,
            2,
            3
          ]
        },
        {
          "vertices": [
            0,
            3,
            2
          ]
        },
        {
          "vertices": [
            0,
            2,
            1
          ]
        }
      ]
    },
    {
      "id": "dd353af3-c1f9-4c4f-8f5a-e129f2a6f88e",
      "vertices": [
        {
          "x": -0.577350279,
          "y": 0.8368633,
          "z": -1.991563878
        },
        {
          "x": -1.991563878,
          "y": 0.8368633,
          "z": -0.577350279
        },
        {
          "x": -0.8368633,
          "y": 1.991563878,
          "z": 0.577350279
        },
        {
          "x": 0.577350279,
          "y": 1.991563878,
          "z": -0.8368633
        }
      ],
      "faces": [
        {
          "vertices": [
            0,
            1,
            2
          ]
        },
        {
          "vertices": [
            0,
            2,
            3
          ]
        },
        {
          "vertices": [
            0,
            3,
            2
          ]
        },
        {
          "vertices": [
            0,
            2,
            1
          ]
        }
      ]
    },
    {
      "id": "4efa62d7-07ed-4bc4-be0e-97c86962da38",
      "vertices": [
        {
          "x": -0.8368633,
          "y": 0.577350279,
          "z": 1.991563878
        },
        {
          "x": 0.577350279,
          "y": -0.8368633,
          "z": 1.991563878
        },
        {
          "x": 1.991563878,
          "y": -0.8368633,
          "z": 0.577350279
        },
        {
          "x": 1.991563878,
          "y": 0.577350279,
          "z": -0.8368633
        },
        {
          "x": 0.577350279,
          "y": 1.991563878,
          "z": -0.8368633
        },
        {
          "x": -0.8368633,
          "y": 1.991563878,
          "z": 0.577350279
        }
      ],
      "faces": [
        {
          "vertices": [
            0,
            1,
            2
          ]
        },
        {
          "vertices": [
            0,
            2,
            3
          ]
        },
        {
          "vertices": [
            0,
            3,
            4
          ]
        },
        {
          "vertices": [
            0,
            4,
            5
          ]
        },
        {
          "vertices": [
            0,
            5,
            4
          ]
        },
        {
          "vertices": [
            0,
            4,
            3
          ]
        },
        {
          "vertices": [
            0,
            3,
            2
          ]
        },
        {
          "vertices": [
            0,
            2,
            1
          ]
        }
      ]
    },
    {
      "id": "2ce01de5-6591-48ab-a859-33d090f557e8",
      "vertices": [
        {
          "x": 1.991563878,
          "y": 0.577350279,
          "z": -0.8368633
        },
        {
          "x": 1.991563878,
          "y": -0.8368633,
          "z": 0.577350279
        },
        {
          "x": 2.568914039,
          "y": -1.284457059,
          "z": -1.284457059
        }
      ],
      "faces": [
        {
          "vertices": [
            0,
            1,
            2
          ]
        },
        {
          "vertices": [
            0,
            2,
            1
          ]
        }
      ]
    },
    {
      "id": "b1e3d5e8-f169-4778-bcc7-89e488b3b150",
      "vertices": [
        {
          "x": 0.8368633,
          "y": -0.577350279,
          "z": -1.991563878
        },
        {
          "x": 2.568914039,
          "y": -1.284457059,
          "z": -1.284457059
        },
        {
          "x": 0.8368633,
          "y": -1.991563878,
          "z": -0.577350279
        }
      ],
      "faces": [
        {
          "vertices": [
            0,
            1,
            2
          ]
        },
        {
          "vertices": [
            0,
            2,
            1
          ]
        }
      ]
    },
    {
      "id": "6eb8ed8d-7014-4af3-b876-96f737caedc8",
      "vertices": [
        {
          "x": -0.577350279,
          "y": 0.8368633,
          "z": -1.991563878
        },
        {
          "x": 0.8368633,
          "y": -0.577350279,
          "z": -1.991563878
        },
        {
          "x": 0.8368633,
          "y": -1.991563878,
          "z": -0.577350279
        },
        {
          "x": -0.577350279,
          "y": -1.991563878,
          "z": 0.8368633
        },
        {
          "x": -1.991563878,
          "y": -0.577350279,
          "z": 0.8368633
        },
        {
          "x": -1.991563878,
          "y": 0.8368633,
          "z": -0.577350279
        }
      ],
      "faces": [
        {
          "vertices": [
            0,
            1,
            2
          ]
        },
        {
          "vertices": [
            0,
            2,
            3
          ]
        },
        {
          "vertices": [
            0,
            3,
            4
          ]
        },
        {
          "vertices": [
            0,
            4,
            5
          ]
        },
        {
          "vertices": [
            0,
            5,
            4
          ]
        },
        {
          "vertices": [
            0,
            4,
            3
          ]
        },
        {
          "vertices": [
            0,
            3,
            2
          ]
        },
        {
          "vertices": [
            0,
            2,
            1
          ]
        }
      ]
    },
    {
      "id": "4a57ac7b-2bfe-4fbb-846c-2faeb18e6b15",
      "vertices": [
        {
          "x": -0.8368633,
          "y": 1.991563878,
          "z": 0.577350279
        },
        {
          "x": 0.577350279,
          "y": 1.991563878,
          "z": -0.8368633
        },
        {
          "x": -1.284457059,
          "y": 2.568914039,
          "z": -1.284457059
        }
      ],
      "faces": [
        {
          "vertices": [
            0,
            1,
            2
          ]
        },
        {
          "vertices": [
            0,
            2,
            1
          ]
        }
      ]
    },
    {
      "id": "75c12551-934a-4a3f-84fb-422eca4fa2d9",
      "vertices": [
        {
          "x": 0.577350279,
          "y": 1.991563878,
          "z": -0.8368633
        },
        {
          "x": 1.991563878,
          "y": 0.577350279,
          "z": -0.8368633
        },
        {
          "x": 0.8368633,
          "y": -0.577350279,
          "z": -1.991563878
        },
        {
          "x": -0.577350279,
          "y": 0.8368633,
          "z": -1.991563878
        }
      ],
      "faces": [
        {
          "vertices": [
            0,
            1,
            2
          ]
        },
        {
          "vertices": [
            0,
            2,
            3
          ]
        },
        {
          "vertices": [
            0,
            3,
            2
          ]
        },
        {
          "vertices": [
            0,
            2,
            1
          ]
        }
      ]
    },
    {
      "id": "44c332ed-4787-4f81-88c9-2b4e5d5d8236",
      "vertices": [
        {
          "x": -0.8368633,
          "y": 0.577350279,
          "z": 1.991563878
        },
        {
          "x": 0.577350279,
          "y": -0.8368633,
          "z": 1.991563878
        },
        {
          "x": 1.991563878,
          "y": -0.8368633,
          "z": 0.577350279
        },
        {
          "x": 1.991563878,
          "y": 0.577350279,
          "z": -0.8368633
        },
        {
          "x": 0.577350279,
          "y": 1.991563878,
          "z": -0.8368633
        },
        {
          "x": -0.8368633,
          "y": 1.991563878,
          "z": 0.577350279
        }
      ],
      "faces": [
        {
          "vertices": [
            0,
            1,
            2
          ]
        },
        {
          "vertices": [
            0,
            2,
            3
          ]
        },
        {
          "vertices": [
            0,
            3,
            4
          ]
        },
        {
          "vertices": [
            0,
            4,
            5
          ]
        },
        {
          "vertices": [
            0,
            5,
            4
          ]
        },
        {
          "vertices": [
            0,
            4,
            3
          ]
        },
        {
          "vertices": [
            0,
            3,
            2
          ]
        },
        {
          "vertices": [
            0,
            2,
            1
          ]
        }
      ]
    },
    {
      "id": "17578093-efc5-4fc3-8f33-2ea529f43be0",
      "vertices": [
        {
          "x": -1.991563878,
          "y": 0.8368633,
          "z": -0.577350279
        },
        {
          "x": -1.991563878,
          "y": -0.577350279,
          "z": 0.8368633
        },
        {
          "x": -0.8368633,
          "y": 0.577350279,
          "z": 1.991563878
        },
        {
          "x": -0.8368633,
          "y": 1.991563878,
          "z": 0.577350279
        }
      ],
      "faces": [
        {
          "vertices": [
            0,
            1,
            2
          ]
        },
        {
          "vertices": [
            0,
            2,
            3
          ]
        },
        {
          "vertices": [
            0,
            3,
            2
          ]
        },
        {
          "vertices": [
            0,
            2,
            1
          ]
        }
      ]
    },
    {
      "id": "5c3889a3-95e8-4b03-aff1-231aacd018f6",
      "vertices": [
        {
          "x": -1.284457059,
          "y": 2.568914039,
          "z": -1.284457059
        },
        {
          "x": 0.577350279,
          "y": 1.991563878,
          "z": -0.8368633
        },
        {
          "x": -0.577350279,
          "y": 0.8368633,
          "z": -1.991563878
        }
      ],
      "faces": [
        {
          "vertices": [
            0,
            1,
            2
          ]
        },
        {
          "vertices": [
            0,
            2,
            1
          ]
        }
      ]
    },
    {
      "id": "dd97ede3-be18-42b7-973c-f5277f722435",
      "vertices": [
        {
          "x": -1.991563878,
          "y": -0.577350279,
          "z": 0.8368633
        },
        {
          "x": -0.577350279,
          "y": -1.991563878,
          "z": 0.8368633
        },
        {
          "x": -1.284457059,
          "y": -1.284457059,
          "z": 2.568914039
        }
      ],
      "faces": [
        {
          "vertices": [
            0,
            1,
            2
          ]
        },
        {
          "vertices": [
            0,
            2,
            1
          ]
        }
      ]
    },
    {
      "id": "4cf3651b-74ef-40b9-bc92-0f4374244075",
      "vertices": [
        {
          "x": 1.991563878,
          "y": 0.577350279,
          "z": -0.8368633
        },
        {
          "x": 1.991563878,
          "y": -0.8368633,
          "z": 0.577350279
        },
        {
          "x": 2.568914039,
          "y": -1.284457059,
          "z": -1.284457059
        }
      ],
      "faces": [
        {
          "vertices": [
            0,
            1,
            2
          ]
        },
        {
          "vertices": [
            0,
            2,
            1
          ]
        }
      ]
    },
    {
      "id": "6b32634d-5881-4e0d-a523-539e0c783734",
      "vertices": [
        {
          "x": 0.8368633,
          "y": -0.577350279,
          "z": -1.991563878
        },
        {
          "x": 2.568914039,
          "y": -1.284457059,
          "z": -1.284457059
        },
        {
          "x": 0.8368633,
          "y": -1.991563878,
          "z": -0.577350279
        }
      ],
      "faces": [
        {
          "vertices": [
            0,
            1,
            2
          ]
        },
        {
          "vertices": [
            0,
            2,
            1
          ]
        }
      ]
    },
    {
      "id": "4074a77b-4931-4242-8846-8b063194d96a",
      "vertices": [
        {
          "x": -1.284457059,
          "y": 2.568914039,
          "z": -1.284457059
        },
        {
          "x": -0.577350279,
          "y": 0.8368633,
          "z": -1.991563878
        },
        {
          "x": -1.991563878,
          "y": 0.8368633,
          "z": -0.577350279
        }
      ],
      "faces": [
        {
          "vertices": [
            0,
            1,
            2
          ]
        },
        {
          "vertices": [
            0,
            2,
            1
          ]
        }
      ]
    },
    {
      "id": "1ef71529-2642-490c-9f23-7a13513798e5",
      "vertices": [
        {
          "x": -0.577350279,
          "y": 0.8368633,
          "z": -1.991563878
        },
        {
          "x": 0.8368633,
          "y": -0.577350279,
          "z": -1.991563878
        },
        {
          "x": 0.8368633,
          "y": -1.991563878,
          "z": -0.577350279
        },
        {
          "x": -0.577350279,
          "y": -1.991563878,
          "z": 0.8368633
        },
        {
          "x": -1.991563878,
          "y": -0.577350279,
          "z": 0.8368633
        },
        {
          "x": -1.991563878,
          "y": 0.8368633,
          "z": -0.577350279
        }
      ],
      "faces": [
        {
          "vertices": [
            0,
            1,
            2
          ]
        },
        {
          "vertices": [
            0,
            2,
            3
          ]
        },
        {
          "vertices": [
            0,
            3,
            4
          ]
        },
        {
          "vertices": [
            0,
            4,
            5
          ]
        },
        {
          "vertices": [
            0,
            5,
            4
          ]
        },
        {
          "vertices": [
            0,
            4,
            3
          ]
        },
        {
          "vertices": [
            0,
            3,
            2
          ]
        },
        {
          "vertices": [
            0,
            2,
            1
          ]
        }
      ]
    },
    {
      "id": "63f4b5e9-b940-4398-8f99-ad4c8d4799e8",
      "vertices": [
        {
          "x": 0.8368633,
          "y": -1.991563878,
          "z": -0.577350279
        },
        {
          "x": 2.568914039,
          "y": -1.284457059,
          "z": -1.284457059
        },
        {
          "x": 1.991563878,
          "y": -0.8368633,
          "z": 0.577350279
        }
      ],
      "faces": [
        {
          "vertices": [
            0,
            1,
            2
          ]
        },
        {
          "vertices": [
            0,
            2,
            1
          ]
        }
      ]
    },
    {
      "id": "82c0822f-ad1b-4df4-acc4-aea19b19c618",
      "vertices": [
        {
          "x": -0.8368633,
          "y": 0.577350279,
          "z": 1.991563878
        },
        {
          "x": -1.991563878,
          "y": -0.577350279,
          "z": 0.8368633
        },
        {
          "x": -1.284457059,
          "y": -1.284457059,
          "z": 2.568914039
        }
      ],
      "faces": [
        {
          "vertices": [
            0,
            1,
            2
          ]
        },
        {
          "vertices": [
            0,
            2,
            1
          ]
        }
      ]
    },
    {
      "id": "87aa3abe-30a5-43c9-881c-72a79e2ce20c",
      "vertices": [
        {
          "x": -0.8368633,
          "y": 0.577350279,
          "z": 1.991563878
        },
        {
          "x": -1.284457059,
          "y": -1.284457059,
          "z": 2.568914039
        },
        {
          "x": 0.577350279,
          "y": -0.8368633,
          "z": 1.991563878
        }
      ],
      "faces": [
        {
          "vertices": [
            0,
            1,
            2
          ]
        },
        {
          "vertices": [
            0,
            2,
            1
          ]
        }
      ]
    },
    {
      "id": "54f981f5-8f84-4690-85ce-90da8e55bfae",
      "vertices": [
        {
          "x": 1.991563878,
          "y": 0.577350279,
          "z": -0.8368633
        },
        {
          "x": 2.568914039,
          "y": -1.284457059,
          "z": -1.284457059
        },
        {
          "x": 0.8368633,
          "y": -0.577350279,
          "z": -1.991563878
        }
      ],
      "faces": [
        {
          "vertices": [
            0,
            1,
            2
          ]
        },
        {
          "vertices": [
            0,
            2,
            1
          ]
        }
      ]
    },
    {
      "id": "d3a93ef7-45b6-457f-99c5-beb32a19eea0",
      "vertices": [
        {
          "x": -1.284457059,
          "y": 2.568914039,
          "z": -1.284457059
        },
        {
          "x": -1.991563878,
          "y": 0.8368633,
          "z": -0.577350279
        },
        {
          "x": -0.8368633,
          "y": 1.991563878,
          "z": 0.577350279
        }
      ],
      "faces": [
        {
          "vertices": [
            0,
            1,
            2
          ]
        },
        {
          "vertices": [
            0,
            2,
            1
          ]
        }
      ]
    },
    {
      "id": "e502f0f3-5bc3-4a17-b717-a80bbb891abb",
      "vertices": [
        {
          "x": -0.577350279,
          "y": -1.991563878,
          "z": 0.8368633
        },
        {
          "x": 0.577350279,
          "y": -0.8368633,
          "z": 1.991563878
        },
        {
          "x": -1.284457059,
          "y": -1.284457059,
          "z": 2.568914039
        }
      ],
      "faces": [
        {
          "vertices": [
            0,
            1,
            2
          ]
        },
        {
          "vertices": [
            0,
            2,
            1
          ]
        }
      ]
    },
    {
      "id": "189fdadf-4d66-48f2-84c1-53fc4d76b13d",
      "vertices": [
        {
          "x": 0.577350279,
          "y": -0.8368633,
          "z": 1.991563878
        },
        {
          "x": -0.577350279,
          "y": -1.991563878,
          "z": 0.8368633
        },
        {
          "x": 0.8368633,
          "y": -1.991563878,
          "z": -0.577350279
        },
        {
          "x": 1.991563878,
          "y": -0.8368633,
          "z": 0.577350279
        }
      ],
      "faces": [
        {
          "vertices": [
            0,
            1,
            2
          ]
        },
        {
          "vertices": [
            0,
            2,
            3
          ]
        },
        {
          "vertices": [
            0,
            3,
            2
          ]
        },
        {
          "vertices": [
            0,
            2,
            1
          ]
        }
      ]
    },
    {
      "id": "6901d282-b876-429b-9edf-2968cd53b11a",
      "vertices": [
        {
          "x": 0.105117774,
          "y": 0,
          "z": 0
        },
        {
          "x": -0.105117774,
          "y": 0,
          "z": 0
        },
        {
          "x": 0,
          "y": 0.105117774,
          "z": 0
        },
        {
          "x": 0,
          "y": -0.105117774,
          "z": 0
        },
        {
          "x": 0,
          "y": 0,
          "z": 0.105117774
        },
        {
          "x": 0,
          "y": 0,
          "z": -0.105117774
        }
      ],
      "faces": [
        {
          "vertices": [
            0,
            2,
            4
          ]
        },
        {
          "vertices": [
            0,
            5,
            2
          ]
        },
        {
          "vertices": [
            0,
            4,
            3
          ]
        },
        {
          "vertices": [
            1,
            4,
            2
          ]
        },
        {
          "vertices": [
            0,
            3,
            5
          ]
        },
        {
          "vertices": [
            1,
            2,
            5
          ]
        },
        {
          "vertices": [
            1,
            3,
            4
          ]
        },
        {
          "vertices": [
            1,
            5,
            3
          ]
        }
      ]
    },
    {
      "id": "888fbc46-ad1c-4e93-bece-f5834c151afa",
      "vertices": [
        {
          "x": 1.329214277,
          "y": 0.026153659,
          "z": 1.276906917
        },
        {
          "x": 1.348829501,
          "y": -0.052307318,
          "z": 1.29652214
        },
        {
          "x": 0.084999388,
          "y": -0.026153659,
          "z": 0.137306702
        },
        {
          "x": 0.065384145,
          "y": 0.052307318,
          "z": 0.117691459
        },
        {
          "x": 1.303060548,
          "y": -0.026153659,
          "z": 1.355367909
        },
        {
          "x": 1.283445364,
          "y": 0.052307318,
          "z": 1.335752685
        },
        {
          "x": 0.111153043,
          "y": 0.026153659,
          "z": 0.058845729
        },
        {
          "x": 0.130768294,
          "y": -0.052307318,
          "z": 0.078460972
        }
      ],
      "faces": [
        {
          "vertices": [
            2,
            3,
            6
          ]
        },
        {
          "vertices": [
            2,
            6,
            7
          ]
        },
        {
          "vertices": [
            0,
            5,
            4
          ]
        },
        {
          "vertices": [
            0,
            4,
            1
          ]
        },
        {
          "vertices": [
            2,
            4,
            5
          ]
        },
        {
          "vertices": [
            2,
            5,
            3
          ]
        },
        {
          "vertices": [
            0,
            6,
            3
          ]
        },
        {
          "vertices": [
            0,
            3,
            5
          ]
        },
        {
          "vertices": [
            0,
            1,
            7
          ]
        },
        {
          "vertices": [
            0,
            7,
            6
          ]
        },
        {
          "vertices": [
            1,
            4,
            2
          ]
        },
        {
          "vertices": [
            1,
            2,
            7
          ]
        }
      ]
    },
    {
      "id": "2824190a-f083-4ae1-a280-930631d14055",
      "vertices": [
        {
          "x": 0.444325644,
          "y": 1.752501533,
          "z": -0.500168711
        },
        {
          "x": 0.365864691,
          "y": 1.772116973,
          "z": -0.519783935
        },
        {
          "x": 0.003268119,
          "y": 0.109305746,
          "z": -0.077181574
        },
        {
          "x": 0.081729088,
          "y": 0.089690507,
          "z": -0.057566333
        },
        {
          "x": 0.392018342,
          "y": 1.726347941,
          "z": -0.578629703
        },
        {
          "x": 0.470479315,
          "y": 1.706732894,
          "z": -0.559014421
        },
        {
          "x": 0.055575437,
          "y": 0.135459403,
          "z": 0.001279397
        },
        {
          "x": -0.022885538,
          "y": 0.155074652,
          "z": -0.018335847
        }
      ],
      "faces": [
        {
          "vertices": [
            2,
            3,
            6
          ]
        },
        {
          "vertices": [
            2,
            6,
            7
          ]
        },
        {
          "vertices": [
            0,
            5,
            4
          ]
        },
        {
          "vertices": [
            0,
            4,
            1
          ]
        },
        {
          "vertices": [
            2,
            4,
            5
          ]
        },
        {
          "vertices": [
            2,
            5,
            3
          ]
        },
        {
          "vertices": [
            0,
            6,
            3
          ]
        },
        {
          "vertices": [
            0,
            3,
            5
          ]
        },
        {
          "vertices": [
            0,
            1,
            7
          ]
        },
        {
          "vertices": [
            0,
            7,
            6
          ]
        },
        {
          "vertices": [
            1,
            4,
            2
          ]
        },
        {
          "vertices": [
            1,
            2,
            7
          ]
        }
      ]
    },
    {
      "id": "b95d0dcd-1cb9-43d5-860d-ba74a91855b1",
      "vertices": [
        {
          "x": 1.108931684,
          "y": 1.056624304,
          "z": 1.023932304
        },
        {
          "x": 1.089316441,
          "y": 1.03700912,
          "z": 1.102393335
        },
        {
          "x": 0.0457689,
          "y": 0.098076216,
          "z": 0.130768294
        },
        {
          "x": 0.065384145,
          "y": 0.117691459,
          "z": 0.052307318
        },
        {
          "x": 1.043547527,
          "y": 1.095854888,
          "z": 1.128546927
        },
        {
          "x": 1.063162751,
          "y": 1.115470112,
          "z": 1.050085955
        },
        {
          "x": 0.111153043,
          "y": 0.058845729,
          "z": 0.026153659
        },
        {
          "x": 0.091537802,
          "y": 0.039230486,
          "z": 0.104614635
        }
      ],
      "faces": [
        {
          "vertices": [
            2,
            3,
            6
          ]
        },
        {
          "vertices": [
            2,
            6,
            7
          ]
        },
        {
          "vertices": [
            0,
            5,
            4
          ]
        },
        {
          "vertices": [
            0,
            4,
            1
          ]
        },
        {
          "vertices": [
            2,
            4,
            5
          ]
        },
        {
          "vertices": [
            2,
            5,
            3
          ]
        },
        {
          "vertices": [
            0,
            6,
            3
          ]
        },
        {
          "vertices": [
            0,
            3,
            5
          ]
        },
        {
          "vertices": [
            0,
            1,
            7
          ]
        },
        {
          "vertices": [
            0,
            7,
            6
          ]
        },
        {
          "vertices": [
            1,
            4,
            2
          ]
        },
        {
          "vertices": [
            1,
            2,
            7
          ]
        }
      ]
    },
    {
      "id": "ce1ba6ad-8dde-41fc-871d-3335f02297be",
      "vertices": [
        {
          "x": 0.642000237,
          "y": -0.609308139,
          "z": -1.653312349
        },
        {
          "x": 0.622384994,
          "y": -0.687769132,
          "z": -1.633697106
        },
        {
          "x": 0.065106593,
          "y": -0.097798664,
          "z": -0.07873852
        },
        {
          "x": 0.084721834,
          "y": -0.019337692,
          "z": -0.098353761
        },
        {
          "x": 0.681230724,
          "y": -0.713922763,
          "z": -1.587928271
        },
        {
          "x": 0.700845947,
          "y": -0.63546181,
          "z": -1.607543318
        },
        {
          "x": 0.025876107,
          "y": 0.006815965,
          "z": -0.144122665
        },
        {
          "x": 0.006260864,
          "y": -0.071645009,
          "z": -0.124507422
        }
      ],
      "faces": [
        {
          "vertices": [
            2,
            3,
            6
          ]
        },
        {
          "vertices": [
            2,
            6,
            7
          ]
        },
        {
          "vertices": [
            0,
            5,
            4
          ]
        },
        {
          "vertices": [
            0,
            4,
            1
          ]
        },
        {
          "vertices": [
            2,
            4,
            5
          ]
        },
        {
          "vertices": [
            2,
            5,
            3
          ]
        },
        {
          "vertices": [
            0,
            6,
            3
          ]
        },
        {
          "vertices": [
            0,
            3,
            5
          ]
        },
        {
          "vertices": [
            0,
            1,
            7
          ]
        },
        {
          "vertices": [
            0,
            7,
            6
          ]
        },
        {
          "vertices": [
            1,
            4,
            2
          ]
        },
        {
          "vertices": [
            1,
            2,
            7
          ]
        }
      ]
    },
    {
      "id": "3c031b86-ebbc-4fa7-8a8e-b6b53bbe9807",
      "vertices": [
        {
          "x": -0.577350279,
          "y": 0.8368633,
          "z": -1.991563878
        },
        {
          "x": 0.8368633,
          "y": -0.577350279,
          "z": -1.991563878
        },
        {
          "x": 0.8368633,
          "y": -1.991563878,
          "z": -0.577350279
        },
        {
          "x": -0.577350279,
          "y": -1.991563878,
          "z": 0.8368633
        },
        {
          "x": -1.991563878,
          "y": -0.577350279,
          "z": 0.8368633
        },
        {
          "x": -1.991563878,
          "y": 0.8368633,
          "z": -0.577350279
        }
      ],
      "faces": [
        {
          "vertices": [
            0,
            1,
            2
          ]
        },
        {
          "vertices": [
            0,
            2,
            3
          ]
        },
        {
          "vertices": [
            0,
            3,
            4
          ]
        },
        {
          "vertices": [
            0,
            4,
            5
          ]
        },
        {
          "vertices": [
            0,
