{
  "field": "polygon12",
  "symmetry": "octahedral",
  "orientations": [
    [
      1,
      0,
      0,
      0,
      0,
      1,
      0,
      0,
      0,
      0,
      1,
      0,
      0,
      0,
      0,
      1
    ],
    [
      1,
      0,
      0,
      0,
      0,
      0,
      1,
      0,
      0,
      -1,
      0,
      0,
      0,
      0,
      0,
      1
    ],
    [
      1,
      0,
      0,
      0,
      0,
      -1,
      0,
      0,
      0,
      0,
      -1,
      0,
      0,
      0,
      0,
      1
    ],
    [
      1,
      0,
      0,
      0,
      0,
      0,
      -1,
      0,
      0,
      1,
      0,
      0,
      0,
      0,
      0,
      1
    ],
    [
      0,
      1,
      0,
      0,
      0,
      0,
      1,
      0,
      1,
      0,
      0,
      0,
      0,
      0,
      0,
      1
    ],
    [
      0,
      1,
      0,
      0,
      1,
      0,
      0,
      0,
      0,
      0,
      -1,
      0,
      0,
      0,
      0,
      1
    ],
    [
      0,
      1,
      0,
      0,
      0,
      0,
      -1,
      0,
      -1,
      0,
      0,
      0,
      0,
      0,
      0,
      1
    ],
    [
      0,
      1,
      0,
      0,
      -1,
      0,
      0,
      0,
      0,
      0,
      1,
      0,
      0,
      0,
      0,
      1
    ],
    [
      0,
      0,
      1,
      0,
      1,
      0,
      0,
      0,
      0,
      1,
      0,
      0,
      0,
      0,
      0,
      1
    ],
    [
      0,
      0,
      1,
      0,
      0,
      1,
      0,
      0,
      -1,
      0,
      0,
      0,
      0,
      0,
      0,
      1
    ],
    [
      0,
      0,
      1,
      0,
      -1,
      0,
      0,
      0,
      0,
      -1,
      0,
      0,
      0,
      0,
      0,
      1
    ],
    [
      0,
      0,
      1,
      0,
      0,
      -1,
      0,
      0,
      1,
      0,
      0,
      0,
      0,
      0,
      0,
      1
    ],
    [
      -1,
      0,
      0,
      0,
      0,
      -1,
      0,
      0,
      0,
      0,
      1,
      0,
      0,
      0,
      0,
      1
    ],
    [
      -1,
      0,
      0,
      0,
      0,
      0,
      1,
      0,
      0,
      1,
      0,
      0,
      0,
      0,
      0,
      1
    ],
    [
      -1,
      0,
      0,
      0,
      0,
      1,
      0,
      0,
      0,
      0,
      -1,
      0,
      0,
      0,
      0,
      1
    ],
    [
      -1,
      0,
      0,
      0,
      0,
      0,
      -1,
      0,
      0,
      -1,
      0,
      0,
      0,
      0,
      0,
      1
    ],
    [
      0,
      -1,
      0,
      0,
      0,
      0,
      -1,
      0,
      1,
      0,
      0,
      0,
      0,
      0,
      0,
      1
    ],
    [
      0,
      -1,
      0,
      0,
      1,
      0,
      0,
      0,
      0,
      0,
      1,
      0,
      0,
      0,
      0,
      1
    ],
    [
      0,
      -1,
      0,
      0,
      0,
      0,
      1,
      0,
      -1,
      0,
      0,
      0,
      0,
      0,
      0,
      1
    ],
    [
      0,
      -1,
      0,
      0,
      -1,
      0,
      0,
      0,
      0,
      0,
      -1,
      0,
      0,
      0,
      0,
      1
    ],
    [
      0,
      0,
      -1,
      0,
      -1,
      0,
      0,
      0,
      0,
      1,
      0,
      0,
      0,
      0,
      0,
      1
    ],
    [
      0,
      0,
      -1,
      0,
      0,
      1,
      0,
      0,
      1,
      0,
      0,
      0,
      0,
      0,
      0,
      1
    ],
    [
      0,
      0,
      -1,
      0,
      1,
      0,
      0,
      0,
      0,
      -1,
      0,
      0,
      0,
      0,
      0,
      1
    ],
    [
      0,
      0,
      -1,
      0,
      0,
      -1,
      0,
      0,
      -1,
      0,
      0,
      0,
      0,
      0,
      0,
      1
    ]
  ],
  "lights": {
    "directionalLights": [
      {
        "direction": [
          1,
          -1,
          -1
        ],
        "color": "#EBEBE4"
      },
      {
        "direction": [
          -1,
          0,
          0
        ],
        "color": "#E4E4EB"
      },
      {
        "direction": [
          0,
          0,
          -1
        ],
        "color": "#1E1E1E"
      }
    ],
    "ambientColor": "#292929",
    "backgroundColor": "#AFC8DC"
  },
  "camera": {
    "lookAtPoint": {
      "x": 0,
      "y": 0,
      "z": 0
    },
    "viewDistance": 138.22453,
    "fieldOfView": 0.44262892,
    "farClipDistance": 276.44907,
    "perspective": false,
    "lookDirection": {
      "x": 0.04884977,
      "y": 0,
      "z": -0.9988062
    },
    "upDirection": {
      "x": 0,
      "y": 1,
      "z": 0
    },
    "stereo": false,
    "width": 62.201046,
    "position": {
      "x": -6.7522364,
      "y": 0,
      "z": 138.05952
    },
    "nearClipDistance": 0.34556133
  },
  "embedding": [
    1,
    0,
    0,
    0,
    0,
    1,
    0,
    0,
    0,
    0,
    1,
    0,
    0,
    0,
    0,
    1
  ],
  "shapes": [
    {
      "id": "5f532b6e-5c34-4f86-b85f-144d72589458",
      "vertices": [
        {
          "x": 2.9433756,
          "y": 10.153144,
          "z": -4.2663927
        },
        {
          "x": 10.153144,
          "y": 2.9433756,
          "z": -4.2663927
        },
        {
          "x": 4.2663927,
          "y": -2.9433756,
          "z": -10.153144
        },
        {
          "x": -2.9433756,
          "y": 4.2663927,
          "z": -10.153144
        }
      ],
      "faces": [
        {
          "vertices": [
            0,
            1,
            2
          ]
        },
        {
          "vertices": [
            0,
            2,
            3
          ]
        },
        {
          "vertices": [
            0,
            3,
            2
          ]
        },
        {
          "vertices": [
            0,
            2,
            1
          ]
        }
      ]
    },
    {
      "id": "fa225d25-b9af-48d6-833c-d66ac8fe19a8",
      "vertices": [
        {
          "x": 10.153144,
          "y": 2.9433756,
          "z": -4.2663927
        },
        {
          "x": 13.096519,
          "y": -6.5482597,
          "z": -6.5482597
        },
        {
          "x": 4.2663927,
          "y": -2.9433756,
          "z": -10.153144
        }
      ],
      "faces": [
        {
          "vertices": [
            0,
            1,
            2
          ]
        },
        {
          "vertices": [
            0,
            2,
            1
          ]
        }
      ]
    },
    {
      "id": "7c815bc3-5c68-4db3-859d-a53ddac8fda6",
      "vertices": [
        {
          "x": -4.2663927,
          "y": 10.153144,
          "z": 2.9433756
        },
        {
          "x": 2.9433756,
          "y": 10.153144,
          "z": -4.2663927
        },
        {
          "x": -6.5482597,
          "y": 13.096519,
          "z": -6.5482597
        }
      ],
      "faces": [
        {
          "vertices": [
            0,
            1,
            2
          ]
        },
        {
          "vertices": [
            0,
            2,
            1
          ]
        }
      ]
    },
    {
      "id": "17972cd0-5aa9-4bc2-b982-bbeb51dad4f2",
      "vertices": [
        {
          "x": -6.5482597,
          "y": 13.096519,
          "z": -6.5482597
        },
        {
          "x": -2.9433756,
          "y": 4.2663927,
          "z": -10.153144
        },
        {
          "x": -10.153144,
          "y": 4.2663927,
          "z": -2.9433756
        }
      ],
      "faces": [
        {
          "vertices": [
            0,
            1,
            2
          ]
        },
        {
          "vertices": [
            0,
            2,
            1
          ]
        }
      ]
    },
    {
      "id": "12f1a8e7-d5be-498e-928a-89c70a8d5d48",
      "vertices": [
        {
          "x": -6.5482597,
          "y": 13.096519,
          "z": -6.5482597
        },
        {
          "x": 2.9433756,
          "y": 10.153144,
          "z": -4.2663927
        },
        {
          "x": -2.9433756,
          "y": 4.2663927,
          "z": -10.153144
        }
      ],
      "faces": [
        {
          "vertices": [
            0,
            1,
            2
          ]
        },
        {
          "vertices": [
            0,
            2,
            1
          ]
        }
      ]
    },
    {
      "id": "90fc506d-fa4e-44b9-b35f-d1dcdb7ac51d",
      "vertices": [
        {
          "x": -4.2663927,
          "y": 2.9433756,
          "z": 10.153144
        },
        {
          "x": -10.153144,
          "y": -2.9433756,
          "z": 4.2663927
        },
        {
          "x": -2.9433756,
          "y": -10.153144,
          "z": 4.2663927
        },
        {
          "x": 2.9433756,
          "y": -4.2663927,
          "z": 10.153144
        }
      ],
      "faces": [
        {
          "vertices": [
            0,
            1,
            2
          ]
        },
        {
          "vertices": [
            0,
            2,
            3
          ]
        },
        {
          "vertices": [
            0,
            3,
            2
          ]
        },
        {
          "vertices": [
            0,
            2,
            1
          ]
        }
      ]
    },
    {
      "id": "232a0809-2908-408b-9c8a-5b8652df7179",
      "vertices": [
        {
          "x": -6.5482597,
          "y": 13.096519,
          "z": -6.5482597
        },
        {
          "x": -10.153144,
          "y": 4.2663927,
          "z": -2.9433756
        },
        {
          "x": -4.2663927,
          "y": 10.153144,
          "z": 2.9433756
        }
      ],
      "faces": [
        {
          "vertices": [
            0,
            1,
            2
          ]
        },
        {
          "vertices": [
            0,
            2,
            1
          ]
        }
      ]
    },
    {
      "id": "e17202c2-ad01-47f4-8240-3abe146ecc52",
      "vertices": [
        {
          "x": 10.153144,
          "y": 2.9433756,
          "z": -4.2663927
        },
        {
          "x": 10.153144,
          "y": -4.2663927,
          "z": 2.9433756
        },
        {
          "x": 13.096519,
          "y": -6.5482597,
          "z": -6.5482597
        }
      ],
      "faces": [
        {
          "vertices": [
            0,
            1,
            2
          ]
        },
        {
          "vertices": [
            0,
            2,
            1
          ]
        }
      ]
    },
    {
      "id": "6df43631-e4a1-4cf2-90b7-c8a1ea8edbc9",
      "vertices": [
        {
          "x": -2.9433756,
          "y": 4.2663927,
          "z": -10.153144
        },
        {
          "x": 4.2663927,
          "y": -2.9433756,
          "z": -10.153144
        },
        {
          "x": 4.2663927,
          "y": -10.153144,
          "z": -2.9433756
        },
        {
          "x": -2.9433756,
          "y": -10.153144,
          "z": 4.2663927
        },
        {
          "x": -10.153144,
          "y": -2.9433756,
          "z": 4.2663927
        },
        {
          "x": -10.153144,
          "y": 4.2663927,
          "z": -2.9433756
        }
      ],
      "faces": [
        {
          "vertices": [
            0,
            1,
            2
          ]
        },
        {
          "vertices": [
            0,
            2,
            3
          ]
        },
        {
          "vertices": [
            0,
            3,
            4
          ]
        },
        {
          "vertices": [
            0,
            4,
            5
          ]
        },
        {
          "vertices": [
            0,
            5,
            4
          ]
        },
        {
          "vertices": [
            0,
            4,
            3
          ]
        },
        {
          "vertices": [
            0,
            3,
            2
          ]
        },
        {
          "vertices": [
            0,
            2,
            1
          ]
        }
      ]
    },
    {
      "id": "c3498a74-aa5c-4c5c-89e5-3a737e818fd4",
      "vertices": [
        {
          "x": 2.9433756,
          "y": -4.2663927,
          "z": 10.153144
        },
        {
          "x": -2.9433756,
          "y": -10.153144,
          "z": 4.2663927
        },
        {
          "x": 4.2663927,
          "y": -10.153144,
          "z": -2.9433756
        },
        {
          "x": 10.153144,
          "y": -4.2663927,
          "z": 2.9433756
        }
      ],
      "faces": [
        {
          "vertices": [
            0,
            1,
            2
          ]
        },
        {
          "vertices": [
            0,
            2,
            3
          ]
        },
        {
          "vertices": [
            0,
            3,
            2
          ]
        },
        {
          "vertices": [
            0,
            2,
            1
          ]
        }
      ]
    },
    {
      "id": "51ff95c2-d733-42d7-a70b-6e2a8df911c2",
      "vertices": [
        {
          "x": 4.2663927,
          "y": -2.9433756,
          "z": -10.153144
        },
        {
          "x": 13.096519,
          "y": -6.5482597,
          "z": -6.5482597
        },
        {
          "x": 4.2663927,
          "y": -10.153144,
          "z": -2.9433756
        }
      ],
      "faces": [
        {
          "vertices": [
            0,
            1,
            2
          ]
        },
        {
          "vertices": [
            0,
            2,
            1
          ]
        }
      ]
    },
    {
      "id": "8fa65dcb-44db-4cd0-9346-50149a5f8d4e",
      "vertices": [
        {
          "x": -4.2663927,
          "y": 2.9433756,
          "z": 10.153144
        },
        {
          "x": 2.9433756,
          "y": -4.2663927,
          "z": 10.153144
        },
        {
          "x": 10.153144,
          "y": -4.2663927,
          "z": 2.9433756
        },
        {
          "x": 10.153144,
          "y": 2.9433756,
          "z": -4.2663927
        },
        {
          "x": 2.9433756,
          "y": 10.153144,
          "z": -4.2663927
        },
        {
          "x": -4.2663927,
          "y": 10.153144,
          "z": 2.9433756
        }
      ],
      "faces": [
        {
          "vertices": [
            0,
            1,
            2
          ]
        },
        {
          "vertices": [
            0,
            2,
            3
          ]
        },
        {
          "vertices": [
            0,
            3,
            4
          ]
        },
        {
          "vertices": [
            0,
            4,
            5
          ]
        },
        {
          "vertices": [
            0,
            5,
            4
          ]
        },
        {
          "vertices": [
            0,
            4,
            3
          ]
        },
        {
          "vertices": [
            0,
            3,
            2
          ]
        },
        {
          "vertices": [
            0,
            2,
            1
          ]
        }
      ]
    },
    {
      "id": "8cc9c94e-73ea-4fe4-9e1d-fd53ca3e4d48",
      "vertices": [
        {
          "x": -10.153144,
          "y": 4.2663927,
          "z": -2.9433756
        },
        {
          "x": -10.153144,
          "y": -2.9433756,
          "z": 4.2663927
        },
        {
          "x": -4.2663927,
          "y": 2.9433756,
          "z": 10.153144
        },
        {
          "x": -4.2663927,
          "y": 10.153144,
          "z": 2.9433756
        }
      ],
      "faces": [
        {
          "vertices": [
            0,
            1,
            2
          ]
        },
        {
          "vertices": [
            0,
            2,
            3
          ]
        },
        {
          "vertices": [
            0,
            3,
            2
          ]
        },
        {
          "vertices": [
            0,
            2,
            1
          ]
        }
      ]
    },
    {
      "id": "1c827595-ae0c-449e-8f25-731f63c1675a",
      "vertices": [
        {
          "x": 4.2663927,
          "y": -10.153144,
          "z": -2.9433756
        },
        {
          "x": 13.096519,
          "y": -6.5482597,
          "z": -6.5482597
        },
        {
          "x": 10.153144,
          "y": -4.2663927,
          "z": 2.9433756
        }
      ],
      "faces": [
        {
          "vertices": [
            0,
            1,
            2
          ]
        },
        {
          "vertices": [
            0,
            2,
            1
          ]
        }
      ]
    },
    {
      "id": "2488839b-fa4f-47f9-9c7c-5cd2d1e65c16",
      "vertices": [
        {
          "x": 10.153144,
          "y": 2.9433756,
          "z": -4.2663927
        },
        {
          "x": 13.096519,
          "y": -6.5482597,
          "z": -6.5482597
        },
        {
          "x": 4.2663927,
          "y": -2.9433756,
          "z": -10.153144
        }
      ],
      "faces": [
        {
          "vertices": [
            0,
            1,
            2
          ]
        },
        {
          "vertices": [
            0,
            2,
            1
          ]
        }
      ]
    },
    {
      "id": "d442cc2d-9c19-4953-8c48-cf82dc0159a0",
      "vertices": [
        {
          "x": 2.9433756,
          "y": -4.2663927,
          "z": 10.153144
        },
        {
          "x": -2.9433756,
          "y": -10.153144,
          "z": 4.2663927
        },
        {
          "x": 4.2663927,
          "y": -10.153144,
          "z": -2.9433756
        },
        {
          "x": 10.153144,
          "y": -4.2663927,
          "z": 2.9433756
        }
      ],
      "faces": [
        {
          "vertices": [
            0,
            1,
            2
          ]
        },
        {
          "vertices": [
            0,
            2,
            3
          ]
        },
        {
          "vertices": [
            0,
            3,
            2
          ]
        },
        {
          "vertices": [
            0,
            2,
            1
          ]
        }
      ]
    },
    {
      "id": "73f4d582-b96d-4fb9-a958-554fc1dcd825",
      "vertices": [
        {
          "x": -4.2663927,
          "y": 2.9433756,
          "z": 10.153144
        },
        {
          "x": -6.5482597,
          "y": -6.5482597,
          "z": 13.096519
        },
        {
          "x": 2.9433756,
          "y": -4.2663927,
          "z": 10.153144
        }
      ],
      "faces": [
        {
          "vertices": [
            0,
            1,
            2
          ]
        },
        {
          "vertices": [
            0,
            2,
            1
          ]
        }
      ]
    },
    {
      "id": "a6df0166-0efa-48e9-b1ea-9c3c7ed7c58d",
      "vertices": [
        {
          "x": 2.9433756,
          "y": 10.153144,
          "z": -4.2663927
        },
        {
          "x": 10.153144,
          "y": 2.9433756,
          "z": -4.2663927
        },
        {
          "x": 4.2663927,
          "y": -2.9433756,
          "z": -10.153144
        },
        {
          "x": -2.9433756,
          "y": 4.2663927,
          "z": -10.153144
        }
      ],
      "faces": [
        {
          "vertices": [
            0,
            1,
            2
          ]
        },
        {
          "vertices": [
            0,
            2,
            3
          ]
        },
        {
          "vertices": [
            0,
            3,
            2
          ]
        },
        {
          "vertices": [
            0,
            2,
            1
          ]
        }
      ]
    },
    {
      "id": "dd6a45c7-c24e-4860-a70f-03c167d6f89c",
      "vertices": [
        {
          "x": -2.9433756,
          "y": 4.2663927,
          "z": -10.153144
        },
        {
          "x": 4.2663927,
          "y": -2.9433756,
          "z": -10.153144
        },
        {
          "x": 4.2663927,
          "y": -10.153144,
          "z": -2.9433756
        },
        {
          "x": -2.9433756,
          "y": -10.153144,
          "z": 4.2663927
        },
        {
          "x": -10.153144,
          "y": -2.9433756,
          "z": 4.2663927
        },
        {
          "x": -10.153144,
          "y": 4.2663927,
          "z": -2.9433756
        }
      ],
      "faces": [
        {
          "vertices": [
            0,
            1,
            2
          ]
        },
        {
          "vertices": [
            0,
            2,
            3
          ]
        },
        {
          "vertices": [
            0,
            3,
            4
          ]
        },
        {
          "vertices": [
            0,
            4,
            5
          ]
        },
        {
          "vertices": [
            0,
            5,
            4
          ]
        },
        {
          "vertices": [
            0,
            4,
            3
          ]
        },
        {
          "vertices": [
            0,
            3,
            2
          ]
        },
        {
          "vertices": [
            0,
            2,
            1
          ]
        }
      ]
    },
    {
      "id": "2e990265-1c42-4a4a-9dbc-036b26090c4a",
      "vertices": [
        {
          "x": -2.9433756,
          "y": -10.153144,
          "z": 4.2663927
        },
        {
          "x": 2.9433756,
          "y": -4.2663927,
          "z": 10.153144
        },
        {
          "x": -6.5482597,
          "y": -6.5482597,
          "z": 13.096519
        }
      ],
      "faces": [
        {
          "vertices": [
            0,
            1,
            2
          ]
        },
        {
          "vertices": [
            0,
            2,
            1
          ]
        }
      ]
    },
    {
      "id": "eabf7d5c-4348-4707-850b-098a59709c8a",
      "vertices": [
        {
          "x": -4.2663927,
          "y": 2.9433756,
          "z": 10.153144
        },
        {
          "x": -10.153144,
          "y": -2.9433756,
          "z": 4.2663927
        },
        {
          "x": -6.5482597,
          "y": -6.5482597,
          "z": 13.096519
        }
      ],
      "faces": [
        {
          "vertices": [
            0,
            1,
            2
          ]
        },
        {
          "vertices": [
            0,
            2,
            1
          ]
        }
      ]
    },
    {
      "id": "2ba4e944-1e06-4f00-8bc4-7f4e11b326b4",
      "vertices": [
        {
          "x": -4.2663927,
          "y": 2.9433756,
          "z": 10.153144
        },
        {
          "x": 2.9433756,
          "y": -4.2663927,
          "z": 10.153144
        },
        {
          "x": 10.153144,
          "y": -4.2663927,
          "z": 2.9433756
        },
        {
          "x": 10.153144,
          "y": 2.9433756,
          "z": -4.2663927
        },
        {
          "x": 2.9433756,
          "y": 10.153144,
          "z": -4.2663927
        },
        {
          "x": -4.2663927,
          "y": 10.153144,
          "z": 2.9433756
        }
      ],
      "faces": [
        {
          "vertices": [
            0,
            1,
            2
          ]
        },
        {
          "vertices": [
            0,
            2,
            3
          ]
        },
        {
          "vertices": [
            0,
            3,
            4
          ]
        },
        {
          "vertices": [
            0,
            4,
            5
          ]
        },
        {
          "vertices": [
            0,
            5,
            4
          ]
        },
        {
          "vertices": [
            0,
            4,
            3
          ]
        },
        {
          "vertices": [
            0,
            3,
            2
          ]
        },
        {
          "vertices": [
            0,
            2,
            1
          ]
        }
      ]
    },
    {
      "id": "3446cecf-10c7-411f-9738-e58070c71ba0",
      "vertices": [
        {
          "x": 4.2663927,
          "y": -2.9433756,
          "z": -10.153144
        },
        {
          "x": 13.096519,
          "y": -6.5482597,
          "z": -6.5482597
        },
        {
          "x": 4.2663927,
          "y": -10.153144,
          "z": -2.9433756
        }
      ],
      "faces": [
        {
          "vertices": [
            0,
            1,
            2
          ]
        },
        {
          "vertices": [
            0,
            2,
            1
          ]
        }
      ]
    },
    {
      "id": "41e84e79-6b13-459e-bc04-3b7d313d969c",
      "vertices": [
        {
          "x": 10.153144,
          "y": 2.9433756,
          "z": -4.2663927
        },
        {
          "x": 10.153144,
          "y": -4.2663927,
          "z": 2.9433756
        },
        {
          "x": 13.096519,
          "y": -6.5482597,
          "z": -6.5482597
        }
      ],
      "faces": [
        {
          "vertices": [
            0,
            1,
            2
          ]
        },
        {
          "vertices": [
            0,
            2,
            1
          ]
        }
      ]
    },
    {
      "id": "3044ca81-d1c1-4222-b976-619685f5dee4",
      "vertices": [
        {
          "x": -6.5482597,
          "y": 13.096519,
          "z": -6.5482597
        },
        {
          "x": -10.153144,
          "y": 4.2663927,
          "z": -2.9433756
        },
        {
          "x": -4.2663927,
          "y": 10.153144,
          "z": 2.9433756
        }
      ],
      "faces": [
        {
          "vertices": [
            0,
            1,
            2
          ]
        },
        {
          "vertices": [
            0,
            2,
            1
          ]
        }
      ]
    },
    {
      "id": "ea201217-8edd-4348-81fa-6163b309334e",
      "vertices": [
        {
          "x": -10.153144,
          "y": -2.9433756,
          "z": 4.2663927
        },
        {
          "x": -2.9433756,
          "y": -10.153144,
          "z": 4.2663927
        },
        {
          "x": -6.5482597,
          "y": -6.5482597,
          "z": 13.096519
        }
      ],
      "faces": [
        {
          "vertices": [
            0,
            1,
            2
          ]
        },
        {
          "vertices": [
            0,
            2,
            1
          ]
        }
      ]
    },
    {
      "id": "7ab35cc2-4dab-44b6-85b6-9602fa8126ac",
      "vertices": [
        {
          "x": 4.2663927,
          "y": -10.153144,
          "z": -2.9433756
        },
        {
          "x": 13.096519,
          "y": -6.5482597,
          "z": -6.5482597
        },
        {
          "x": 10.153144,
          "y": -4.2663927,
          "z": 2.9433756
        }
      ],
      "faces": [
        {
          "vertices": [
            0,
            1,
            2
          ]
        },
        {
          "vertices": [
            0,
            2,
            1
          ]
        }
      ]
    },
    {
      "id": "984ca0c8-19c8-4048-adc1-8b39248b5809",
      "vertices": [
        {
          "x": -6.5482597,
          "y": 13.096519,
          "z": -6.5482597
        },
        {
          "x": -2.9433756,
          "y": 4.2663927,
          "z": -10.153144
        },
        {
          "x": -10.153144,
          "y": 4.2663927,
          "z": -2.9433756
        }
      ],
      "faces": [
        {
          "vertices": [
            0,
            1,
            2
          ]
        },
        {
          "vertices": [
            0,
            2,
            1
          ]
        }
      ]
    },
    {
      "id": "8e78da9f-dbf2-4e49-a424-c123f0307edc",
      "vertices": [
        {
          "x": -4.2663927,
          "y": 10.153144,
          "z": 2.9433756
        },
        {
          "x": 2.9433756,
          "y": 10.153144,
          "z": -4.2663927
        },
        {
          "x": -6.5482597,
          "y": 13.096519,
          "z": -6.5482597
        }
      ],
      "faces": [
        {
          "vertices": [
            0,
            1,
            2
          ]
        },
        {
          "vertices": [
            0,
            2,
            1
          ]
        }
      ]
    },
    {
      "id": "d4893130-7b0e-46e4-acb9-09d18de92d01",
      "vertices": [
        {
          "x": -6.5482597,
          "y": 13.096519,
          "z": -6.5482597
        },
        {
          "x": 2.9433756,
          "y": 10.153144,
          "z": -4.2663927
        },
        {
          "x": -2.9433756,
          "y": 4.2663927,
          "z": -10.153144
        }
      ],
      "faces": [
        {
          "vertices": [
            0,
            1,
            2
          ]
        },
        {
          "vertices": [
            0,
            2,
            1
          ]
        }
      ]
    },
    {
      "id": "52020fdd-8e93-4460-bc1e-eb2a57913984",
      "vertices": [
        {
          "x": -10.153144,
          "y": 4.2663927,
          "z": -2.9433756
        },
        {
          "x": -10.153144,
          "y": -2.9433756,
          "z": 4.2663927
        },
        {
          "x": -4.2663927,
          "y": 2.9433756,
          "z": 10.153144
        },
        {
          "x": -4.2663927,
          "y": 10.153144,
          "z": 2.9433756
        }
      ],
      "faces": [
        {
          "vertices": [
            0,
            1,
            2
          ]
        },
        {
          "vertices": [
            0,
            2,
            3
          ]
        },
        {
          "vertices": [
            0,
            3,
            2
          ]
        },
        {
          "vertices": [
            0,
            2,
            1
          ]
        }
      ]
    },
    {
      "id": "b22a039b-722b-44a7-8725-da51bfcb0fa8",
      "vertices": [
        {
          "x": 0.5358984,
          "y": 0,
          "z": 0
        },
        {
          "x": -0.5358984,
          "y": 0,
          "z": 0
        },
        {
          "x": 0,
          "y": 0.5358984,
          "z": 0
        },
        {
          "x": 0,
          "y": -0.5358984,
          "z": 0
        },
        {
          "x": 0,
          "y": 0,
          "z": 0.5358984
        },
        {
          "x": 0,
          "y": 0,
          "z": -0.5358984
        }
      ],
      "faces": [
        {
          "vertices": [
            0,
            2,
            4
          ]
        },
        {
          "vertices": [
            0,
            5,
            2
          ]
        },
        {
          "vertices": [
            0,
            4,
            3
          ]
        },
        {
          "vertices": [
            1,
            4,
            2
          ]
        },
        {
          "vertices": [
            0,
            3,
            5
          ]
        },
        {
          "vertices": [
            1,
            2,
            5
          ]
        },
        {
          "vertices": [
            1,
            3,
            4
          ]
        },
        {
          "vertices": [
            1,
            5,
            3
          ]
        }
      ]
    },
    {
      "id": "dcf489fb-2c17-4117-a9d2-96710ce25f68",
      "vertices": [
        {
          "x": 6.7764354,
          "y": 0.13333334,
          "z": 6.5097685
        },
        {
          "x": 6.8764353,
          "y": -0.26666668,
          "z": 6.6097684
        },
        {
          "x": 0.43333334,
          "y": -0.13333334,
          "z": 0.7
        },
        {
          "x": 0.33333334,
          "y": 0.26666668,
          "z": 0.6
        },
        {
          "x": 6.6431017,
          "y": -0.13333334,
          "z": 6.9097686
        },
        {
          "x": 6.543102,
          "y": 0.26666668,
          "z": 6.8097687
        },
        {
          "x": 0.56666666,
          "y": 0.13333334,
          "z": 0.3
        },
        {
          "x": 0.6666667,
          "y": -0.26666668,
          "z": 0.4
        }
      ],
      "faces": [
        {
          "vertices": [
            2,
            3,
            6
          ]
        },
        {
          "vertices": [
            2,
            6,
            7
          ]
        },
        {
          "vertices": [
            0,
            5,
            4
          ]
        },
        {
          "vertices": [
            0,
            4,
            1
          ]
        },
        {
          "vertices": [
            2,
            4,
            5
          ]
        },
        {
          "vertices": [
            2,
            5,
            3
          ]
        },
        {
          "vertices": [
            0,
            6,
            3
          ]
        },
        {
          "vertices": [
            0,
            3,
            5
          ]
        },
        {
          "vertices": [
            0,
            1,
            7
          ]
        },
        {
          "vertices": [
            0,
            7,
            6
          ]
        },
        {
          "vertices": [
            1,
            4,
            2
          ]
        },
        {
          "vertices": [
            1,
            2,
            7
          ]
        }
      ]
    },
    {
      "id": "a25ee438-5b27-44f2-91bc-d141388620d3",
      "vertices": [
        {
          "x": 2.2652059,
          "y": 8.934386,
          "z": -2.5498981
        },
        {
          "x": 1.865206,
          "y": 9.034387,
          "z": -2.649898
        },
        {
          "x": 0.01666112,
          "y": 0.557249,
          "z": -0.39347753
        },
        {
          "x": 0.4166611,
          "y": 0.45724902,
          "z": -0.29347754
        },
        {
          "x": 1.9985393,
          "y": 8.801053,
          "z": -2.9498982
        },
        {
          "x": 2.3985393,
          "y": 8.701054,
          "z": -2.849898
        },
        {
          "x": 0.2833278,
          "y": 0.69058233,
          "z": 0.0065224627
        },
        {
          "x": -0.11667221,
          "y": 0.79058236,
          "z": -0.09347754
        }
      ],
      "faces": [
        {
          "vertices": [
            2,
            3,
            6
          ]
        },
        {
          "vertices": [
            2,
            6,
            7
          ]
        },
        {
          "vertices": [
            0,
            5,
            4
          ]
        },
        {
          "vertices": [
            0,
            4,
            1
          ]
        },
        {
          "vertices": [
            2,
            4,
            5
          ]
        },
        {
          "vertices": [
            2,
            5,
            3
          ]
        },
        {
          "vertices": [
            0,
            6,
            3
          ]
        },
        {
          "vertices": [
            0,
            3,
            5
          ]
        },
        {
          "vertices": [
            0,
            1,
            7
          ]
        },
        {
          "vertices": [
            0,
            7,
            6
          ]
        },
        {
          "vertices": [
            1,
            4,
            2
          ]
        },
        {
          "vertices": [
            1,
            2,
            7
          ]
        }
      ]
    },
    {
      "id": "77e4de41-9e17-47da-9725-02e902b47479",
      "vertices": [
        {
          "x": 5.653418,
          "y": 5.386751,
          "z": 5.2200847
        },
        {
          "x": 5.553418,
          "y": 5.2867513,
          "z": 5.620085
        },
        {
          "x": 0.23333333,
          "y": 0.5,
          "z": 0.6666667
        },
        {
          "x": 0.33333334,
          "y": 0.6,
          "z": 0.26666668
        },
        {
          "x": 5.3200846,
          "y": 5.5867515,
          "z": 5.753418
        },
        {
          "x": 5.4200845,
          "y": 5.6867514,
          "z": 5.353418
        },
        {
          "x": 0.56666666,
          "y": 0.3,
          "z": 0.13333334
        },
        {
          "x": 0.46666667,
          "y": 0.2,
          "z": 0.53333336
        }
      ],
      "faces": [
        {
          "vertices": [
            2,
            3,
            6
          ]
        },
        {
          "vertices": [
            2,
            6,
            7
          ]
        },
        {
          "vertices": [
            0,
            5,
            4
          ]
        },
        {
          "vertices": [
            0,
            4,
            1
          ]
        },
        {
          "vertices": [
            2,
            4,
            5
          ]
        },
        {
          "vertices": [
            2,
            5,
            3
          ]
        },
        {
          "vertices": [
            0,
            6,
            3
          ]
        },
        {
          "vertices": [
            0,
            3,
            5
          ]
        },
        {
          "vertices": [
            0,
            1,
            7
          ]
        },
        {
          "vertices": [
            0,
            7,
            6
          ]
        },
        {
          "vertices": [
            1,
            4,
            2
          ]
        },
        {
          "vertices": [
            1,
            2,
            7
          ]
        }
      ]
    },
    {
      "id": "e8cd2864-ea20-42c9-ab60-b339919c4add",
      "vertices": [
        {
          "x": 3.272966,
          "y": -3.1062992,
          "z": -8.428712
        },
        {
          "x": 3.172966,
          "y": -3.5062993,
          "z": -8.328712
        },
        {
          "x": 0.33191836,
          "y": -0.49858502,
          "z": -0.40141496
        },
        {
          "x": 0.43191835,
          "y": -0.098585024,
          "z": -0.50141495
        },
        {
          "x": 3.472966,
          "y": -3.6396325,
          "z": -8.095379
        },
        {
          "x": 3.5729659,
          "y": -3.2396326,
          "z": -8.195378
        },
        {
          "x": 0.13191836,
          "y": 0.03474831,
          "z": -0.7347483
        },
        {
          "x": 0.031918358,
          "y": -0.3652517,
          "z": -0.6347483
        }
      ],
      "faces": [
        {
          "vertices": [
            2,
            3,
            6
          ]
        },
        {
          "vertices": [
            2,
            6,
            7
          ]
        },
        {
          "vertices": [
            0,
            5,
            4
          ]
        },
        {
          "vertices": [
            0,
            4,
            1
          ]
        },
        {
          "vertices": [
            2,
            4,
            5
          ]
        },
        {
          "vertices": [
            2,
            5,
            3
          ]
        },
        {
          "vertices": [
            0,
            6,
            3
          ]
        },
        {
          "vertices": [
            0,
            3,
            5
          ]
        },
        {
          "vertices": [
            0,
            1,
            7
          ]
        },
        {
          "vertices": [
            0,
            7,
            6
          ]
        },
        {
          "vertices": [
            1,
            4,
            2
          ]
        },
        {
          "vertices": [
            1,
            2,
            7
          ]
        }
      ]
    },
    {
      "id": "27ba2e07-6004-49d5-a13d-0991f7f6fbe8",
      "vertices": [
        {
          "x": 10.153144,
          "y": 2.9433756,
          "z": -4.2663927
        },
        {
          "x": 10.153144,
          "y": -4.2663927,
