{
  "field": "polygon12",
  "symmetry": "octahedral",
  "orientations": [
    [
      1,
      0,
      0,
      0,
      0,
      1,
      0,
      0,
      0,
      0,
      1,
      0,
      0,
      0,
      0,
      1
    ],
    [
      1,
      0,
      0,
      0,
      0,
      0,
      1,
      0,
      0,
      -1,
      0,
      0,
      0,
      0,
      0,
      1
    ],
    [
      1,
      0,
      0,
      0,
      0,
      -1,
      0,
      0,
      0,
      0,
      -1,
      0,
      0,
      0,
      0,
      1
    ],
    [
      1,
      0,
      0,
      0,
      0,
      0,
      -1,
      0,
      0,
      1,
      0,
      0,
      0,
      0,
      0,
      1
    ],
    [
      0,
      1,
      0,
      0,
      0,
      0,
      1,
      0,
      1,
      0,
      0,
      0,
      0,
      0,
      0,
      1
    ],
    [
      0,
      1,
      0,
      0,
      1,
      0,
      0,
      0,
      0,
      0,
      -1,
      0,
      0,
      0,
      0,
      1
    ],
    [
      0,
      1,
      0,
      0,
      0,
      0,
      -1,
      0,
      -1,
      0,
      0,
      0,
      0,
      0,
      0,
      1
    ],
    [
      0,
      1,
      0,
      0,
      -1,
      0,
      0,
      0,
      0,
      0,
      1,
      0,
      0,
      0,
      0,
      1
    ],
    [
      0,
      0,
      1,
      0,
      1,
      0,
      0,
      0,
      0,
      1,
      0,
      0,
      0,
      0,
      0,
      1
    ],
    [
      0,
      0,
      1,
      0,
      0,
      1,
      0,
      0,
      -1,
      0,
      0,
      0,
      0,
      0,
      0,
      1
    ],
    [
      0,
      0,
      1,
      0,
      -1,
      0,
      0,
      0,
      0,
      -1,
      0,
      0,
      0,
      0,
      0,
      1
    ],
    [
      0,
      0,
      1,
      0,
      0,
      -1,
      0,
      0,
      1,
      0,
      0,
      0,
      0,
      0,
      0,
      1
    ],
    [
      -1,
      0,
      0,
      0,
      0,
      -1,
      0,
      0,
      0,
      0,
      1,
      0,
      0,
      0,
      0,
      1
    ],
    [
      -1,
      0,
      0,
      0,
      0,
      0,
      1,
      0,
      0,
      1,
      0,
      0,
      0,
      0,
      0,
      1
    ],
    [
      -1,
      0,
      0,
      0,
      0,
      1,
      0,
      0,
      0,
      0,
      -1,
      0,
      0,
      0,
      0,
      1
    ],
    [
      -1,
      0,
      0,
      0,
      0,
      0,
      -1,
      0,
      0,
      -1,
      0,
      0,
      0,
      0,
      0,
      1
    ],
    [
      0,
      -1,
      0,
      0,
      0,
      0,
      -1,
      0,
      1,
      0,
      0,
      0,
      0,
      0,
      0,
      1
    ],
    [
      0,
      -1,
      0,
      0,
      1,
      0,
      0,
      0,
      0,
      0,
      1,
      0,
      0,
      0,
      0,
      1
    ],
    [
      0,
      -1,
      0,
      0,
      0,
      0,
      1,
      0,
      -1,
      0,
      0,
      0,
      0,
      0,
      0,
      1
    ],
    [
      0,
      -1,
      0,
      0,
      -1,
      0,
      0,
      0,
      0,
      0,
      -1,
      0,
      0,
      0,
      0,
      1
    ],
    [
      0,
      0,
      -1,
      0,
      -1,
      0,
      0,
      0,
      0,
      1,
      0,
      0,
      0,
      0,
      0,
      1
    ],
    [
      0,
      0,
      -1,
      0,
      0,
      1,
      0,
      0,
      1,
      0,
      0,
      0,
      0,
      0,
      0,
      1
    ],
    [
      0,
      0,
      -1,
      0,
      1,
      0,
      0,
      0,
      0,
      -1,
      0,
      0,
      0,
      0,
      0,
      1
    ],
    [
      0,
      0,
      -1,
      0,
      0,
      -1,
      0,
      0,
      -1,
      0,
      0,
      0,
      0,
      0,
      0,
      1
    ]
  ],
  "lights": {
    "directionalLights": [
      {
        "direction": [
          1,
          -1,
          -1
        ],
        "color": "#EBEBE4"
      },
      {
        "direction": [
          -1,
          0,
          0
        ],
        "color": "#E4E4EB"
      },
      {
        "direction": [
          0,
          0,
          -1
        ],
        "color": "#1E1E1E"
      }
    ],
    "backgroundColor": "#AFC8DC",
    "ambientColor": "#292929"
  },
  "camera": {
    "width": 4.5,
    "position": {
      "x": 0,
      "y": 0,
      "z": 10
    },
    "nearClipDistance": 0.025,
    "perspective": true,
    "farClipDistance": 20,
    "fieldOfView": 4.4,
    "viewDistance": 10,
    "lookAtPoint": {
      "x": 0,
      "y": 0,
      "z": 0
    },
    "lookDirection": {
      "x": 0,
      "y": 0,
      "z": -1
    },
    "stereo": false,
    "upDirection": {
      "x": 0,
      "y": 1,
      "z": 0
    }
  },
  "embedding": [
    1,
    0,
    0,
    0,
    0,
    1,
    0,
    0,
    0,
    0,
    1,
    0,
    0,
    0,
    0,
    1
  ],
  "shapes": [
    {
      "id": "61012b24-af35-4959-9642-bdd769c0674b",
      "vertices": [
        {
          "x": -0.577350279,
          "y": 0.8368633,
          "z": -1.991563878
        },
        {
          "x": 0.8368633,
          "y": -0.577350279,
          "z": -1.991563878
        },
        {
          "x": 0.8368633,
          "y": -1.991563878,
          "z": -0.577350279
        },
        {
          "x": -0.577350279,
          "y": -1.991563878,
          "z": 0.8368633
        },
        {
          "x": -1.991563878,
          "y": -0.577350279,
          "z": 0.8368633
        },
        {
          "x": -1.991563878,
          "y": 0.8368633,
          "z": -0.577350279
        }
      ],
      "faces": [
        {
          "vertices": [
            0,
            1,
            2
          ]
        },
        {
          "vertices": [
            0,
            2,
            3
          ]
        },
        {
          "vertices": [
            0,
            3,
            4
          ]
        },
        {
          "vertices": [
            0,
            4,
            5
          ]
        },
        {
          "vertices": [
            0,
            5,
            4
          ]
        },
        {
          "vertices": [
            0,
            4,
            3
          ]
        },
        {
          "vertices": [
            0,
            3,
            2
          ]
        },
        {
          "vertices": [
            0,
            2,
            1
          ]
        }
      ]
    },
    {
      "id": "8ac60b35-9938-43ed-8ab1-8c641b35407a",
      "vertices": [
        {
          "x": -0.8368633,
          "y": 0.577350279,
          "z": 1.991563878
        },
        {
          "x": -1.284457059,
          "y": -1.284457059,
          "z": 2.568914039
        },
        {
          "x": 0.577350279,
          "y": -0.8368633,
          "z": 1.991563878
        }
      ],
      "faces": [
        {
          "vertices": [
            0,
            1,
            2
          ]
        },
        {
          "vertices": [
            0,
            2,
            1
          ]
        }
      ]
    },
    {
      "id": "a1689388-74b0-4d18-9c13-56e175366b0d",
      "vertices": [
        {
          "x": 0.577350279,
          "y": 1.991563878,
          "z": -0.8368633
        },
        {
          "x": 1.991563878,
          "y": 0.577350279,
          "z": -0.8368633
        },
        {
          "x": 0.8368633,
          "y": -0.577350279,
          "z": -1.991563878
        },
        {
          "x": -0.577350279,
          "y": 0.8368633,
          "z": -1.991563878
        }
      ],
      "faces": [
        {
          "vertices": [
            0,
            1,
            2
          ]
        },
        {
          "vertices": [
            0,
            2,
            3
          ]
        },
        {
          "vertices": [
            0,
            3,
            2
          ]
        },
        {
          "vertices": [
            0,
            2,
            1
          ]
        }
      ]
    },
    {
      "id": "a7cc9c2f-9688-40e8-a2e6-37c362b572de",
      "vertices": [
        {
          "x": 0.8368633,
          "y": -0.577350279,
          "z": -1.991563878
        },
        {
          "x": 2.568914039,
          "y": -1.284457059,
          "z": -1.284457059
        },
        {
          "x": 0.8368633,
          "y": -1.991563878,
          "z": -0.577350279
        }
      ],
      "faces": [
        {
          "vertices": [
            0,
            1,
            2
          ]
        },
        {
          "vertices": [
            0,
            2,
            1
          ]
        }
      ]
    },
    {
      "id": "9bca96b4-3098-4450-bc64-b526fde42057",
      "vertices": [
        {
          "x": -0.577350279,
          "y": -1.991563878,
          "z": 0.8368633
        },
        {
          "x": 0.577350279,
          "y": -0.8368633,
          "z": 1.991563878
        },
        {
          "x": -1.284457059,
          "y": -1.284457059,
          "z": 2.568914039
        }
      ],
      "faces": [
        {
          "vertices": [
            0,
            1,
            2
          ]
        },
        {
          "vertices": [
            0,
            2,
            1
          ]
        }
      ]
    },
    {
      "id": "1cebd236-5904-46aa-a60c-622de261f6a5",
      "vertices": [
        {
          "x": -1.284457059,
          "y": 2.568914039,
          "z": -1.284457059
        },
        {
          "x": -1.991563878,
          "y": 0.8368633,
          "z": -0.577350279
        },
        {
          "x": -0.8368633,
          "y": 1.991563878,
          "z": 0.577350279
        }
      ],
      "faces": [
        {
          "vertices": [
            0,
            1,
            2
          ]
        },
        {
          "vertices": [
            0,
            2,
            1
          ]
        }
      ]
    },
    {
      "id": "374d10bd-92e5-4485-ad51-05a121de800d",
      "vertices": [
        {
          "x": 0.8368633,
          "y": -1.991563878,
          "z": -0.577350279
        },
        {
          "x": 2.568914039,
          "y": -1.284457059,
          "z": -1.284457059
        },
        {
          "x": 1.991563878,
          "y": -0.8368633,
          "z": 0.577350279
        }
      ],
      "faces": [
        {
          "vertices": [
            0,
            1,
            2
          ]
        },
        {
          "vertices": [
            0,
            2,
            1
          ]
        }
      ]
    },
    {
      "id": "138e0369-0242-450f-aed5-f1b7cd1fa76a",
      "vertices": [
        {
          "x": -0.8368633,
          "y": 0.577350279,
          "z": 1.991563878
        },
        {
          "x": 0.577350279,
          "y": -0.8368633,
          "z": 1.991563878
        },
        {
          "x": 1.991563878,
          "y": -0.8368633,
          "z": 0.577350279
        },
        {
          "x": 1.991563878,
          "y": 0.577350279,
          "z": -0.8368633
        },
        {
          "x": 0.577350279,
          "y": 1.991563878,
          "z": -0.8368633
        },
        {
          "x": -0.8368633,
          "y": 1.991563878,
          "z": 0.577350279
        }
      ],
      "faces": [
        {
          "vertices": [
            0,
            1,
            2
          ]
        },
        {
          "vertices": [
            0,
            2,
            3
          ]
        },
        {
          "vertices": [
            0,
            3,
            4
          ]
        },
        {
          "vertices": [
            0,
            4,
            5
          ]
        },
        {
          "vertices": [
            0,
            5,
            4
          ]
        },
        {
          "vertices": [
            0,
            4,
            3
          ]
        },
        {
          "vertices": [
            0,
            3,
            2
          ]
        },
        {
          "vertices": [
            0,
            2,
            1
          ]
        }
      ]
    },
    {
      "id": "b0a26575-a07c-4098-9cd5-e0895d7040ae",
      "vertices": [
        {
          "x": -0.8368633,
          "y": 1.991563878,
          "z": 0.577350279
        },
        {
          "x": 0.577350279,
          "y": 1.991563878,
          "z": -0.8368633
        },
        {
          "x": -1.284457059,
          "y": 2.568914039,
          "z": -1.284457059
        }
      ],
      "faces": [
        {
          "vertices": [
            0,
            1,
            2
          ]
        },
        {
          "vertices": [
            0,
            2,
            1
          ]
        }
      ]
    },
    {
      "id": "e95b291d-47ad-4cb4-9968-ee3a9af92c2a",
      "vertices": [
        {
          "x": -1.284457059,
          "y": 2.568914039,
          "z": -1.284457059
        },
        {
          "x": 0.577350279,
          "y": 1.991563878,
          "z": -0.8368633
        },
        {
          "x": -0.577350279,
          "y": 0.8368633,
          "z": -1.991563878
        }
      ],
      "faces": [
        {
          "vertices": [
            0,
            1,
            2
          ]
        },
        {
          "vertices": [
            0,
            2,
            1
          ]
        }
      ]
    },
    {
      "id": "4b325878-7e28-4dd3-a308-c71624f96376",
      "vertices": [
        {
          "x": -0.8368633,
          "y": 0.577350279,
          "z": 1.991563878
        },
        {
          "x": -1.991563878,
          "y": -0.577350279,
          "z": 0.8368633
        },
        {
          "x": -1.284457059,
          "y": -1.284457059,
          "z": 2.568914039
        }
      ],
      "faces": [
        {
          "vertices": [
            0,
            1,
            2
          ]
        },
        {
          "vertices": [
            0,
            2,
            1
          ]
        }
      ]
    },
    {
      "id": "c6cbac31-b721-4bac-bcb8-e1fd9279a605",
      "vertices": [
        {
          "x": -1.991563878,
          "y": -0.577350279,
          "z": 0.8368633
        },
        {
          "x": -0.577350279,
          "y": -1.991563878,
          "z": 0.8368633
        },
        {
          "x": -1.284457059,
          "y": -1.284457059,
          "z": 2.568914039
        }
      ],
      "faces": [
        {
          "vertices": [
            0,
            1,
            2
          ]
        },
        {
          "vertices": [
            0,
            2,
            1
          ]
        }
      ]
    },
    {
      "id": "bf88c8bf-2508-437d-a3f2-23b5ea690ae0",
      "vertices": [
        {
          "x": 1.991563878,
          "y": 0.577350279,
          "z": -0.8368633
        },
        {
          "x": 1.991563878,
          "y": -0.8368633,
          "z": 0.577350279
        },
        {
          "x": 2.568914039,
          "y": -1.284457059,
          "z": -1.284457059
        }
      ],
      "faces": [
        {
          "vertices": [
            0,
            1,
            2
          ]
        },
        {
          "vertices": [
            0,
            2,
            1
          ]
        }
      ]
    },
    {
      "id": "a2ddac83-680e-4bdd-975c-00d1d74fcc81",
      "vertices": [
        {
          "x": -1.991563878,
          "y": 0.8368633,
          "z": -0.577350279
        },
        {
          "x": -1.991563878,
          "y": -0.577350279,
          "z": 0.8368633
        },
        {
          "x": -0.8368633,
          "y": 0.577350279,
          "z": 1.991563878
        },
        {
          "x": -0.8368633,
          "y": 1.991563878,
          "z": 0.577350279
        }
      ],
      "faces": [
        {
          "vertices": [
            0,
            1,
            2
          ]
        },
        {
          "vertices": [
            0,
            2,
            3
          ]
        },
        {
          "vertices": [
            0,
            3,
            2
          ]
        },
        {
          "vertices": [
            0,
            2,
            1
          ]
        }
      ]
    },
    {
      "id": "92e1b3ac-cb61-4121-a1af-6385b72155d6",
      "vertices": [
        {
          "x": -1.284457059,
          "y": 2.568914039,
          "z": -1.284457059
        },
        {
          "x": -0.577350279,
          "y": 0.8368633,
          "z": -1.991563878
        },
        {
          "x": -1.991563878,
          "y": 0.8368633,
          "z": -0.577350279
        }
      ],
      "faces": [
        {
          "vertices": [
            0,
            1,
            2
          ]
        },
        {
          "vertices": [
            0,
            2,
            1
          ]
        }
      ]
    },
    {
      "id": "22a7f01c-51b8-450e-86b9-5ec98245629a",
      "vertices": [
        {
          "x": 0.577350279,
          "y": -0.8368633,
          "z": 1.991563878
        },
        {
          "x": -0.577350279,
          "y": -1.991563878,
          "z": 0.8368633
        },
        {
          "x": 0.8368633,
          "y": -1.991563878,
          "z": -0.577350279
        },
        {
          "x": 1.991563878,
          "y": -0.8368633,
          "z": 0.577350279
        }
      ],
      "faces": [
        {
          "vertices": [
            0,
            1,
            2
          ]
        },
        {
          "vertices": [
            0,
            2,
            3
          ]
        },
        {
          "vertices": [
            0,
            3,
            2
          ]
        },
        {
          "vertices": [
            0,
            2,
            1
          ]
        }
      ]
    },
    {
      "id": "a21291af-cc3c-46dc-bfb7-ac2064b98b60",
      "vertices": [
        {
          "x": 1.991563878,
          "y": 0.577350279,
          "z": -0.8368633
        },
        {
          "x": 2.568914039,
          "y": -1.284457059,
          "z": -1.284457059
        },
        {
          "x": 0.8368633,
          "y": -0.577350279,
          "z": -1.991563878
        }
      ],
      "faces": [
        {
          "vertices": [
            0,
            1,
            2
          ]
        },
        {
          "vertices": [
            0,
            2,
            1
          ]
        }
      ]
    },
    {
      "id": "61eccdc1-b0b4-4190-9676-3f183949e1bb",
      "vertices": [
        {
          "x": 1.991563878,
          "y": 0.577350279,
          "z": -0.8368633
        },
        {
          "x": 1.991563878,
          "y": -0.8368633,
          "z": 0.577350279
        },
        {
          "x": 2.568914039,
          "y": -1.284457059,
          "z": -1.284457059
        }
      ],
      "faces": [
        {
          "vertices": [
            0,
            1,
            2
          ]
        },
        {
          "vertices": [
            0,
            2,
            1
          ]
        }
      ]
    },
    {
      "id": "4813d1c8-98b1-40f0-9a72-ca3435f6a06c",
      "vertices": [
        {
          "x": -0.577350279,
          "y": 0.8368633,
          "z": -1.991563878
        },
        {
          "x": 0.8368633,
          "y": -0.577350279,
          "z": -1.991563878
        },
        {
          "x": 0.8368633,
          "y": -1.991563878,
          "z": -0.577350279
        },
        {
          "x": -0.577350279,
          "y": -1.991563878,
          "z": 0.8368633
        },
        {
          "x": -1.991563878,
          "y": -0.577350279,
          "z": 0.8368633
        },
        {
          "x": -1.991563878,
          "y": 0.8368633,
          "z": -0.577350279
        }
      ],
      "faces": [
        {
          "vertices": [
            0,
            1,
            2
          ]
        },
        {
          "vertices": [
            0,
            2,
            3
          ]
        },
        {
          "vertices": [
            0,
            3,
            4
          ]
        },
        {
          "vertices": [
            0,
            4,
            5
          ]
        },
        {
          "vertices": [
            0,
            5,
            4
          ]
        },
        {
          "vertices": [
            0,
            4,
            3
          ]
        },
        {
          "vertices": [
            0,
            3,
            2
          ]
        },
        {
          "vertices": [
            0,
            2,
            1
          ]
        }
      ]
    },
    {
      "id": "cd683fd7-0f78-4eec-bd93-9996c4359664",
      "vertices": [
        {
          "x": 0.8368633,
          "y": -0.577350279,
          "z": -1.991563878
        },
        {
          "x": 2.568914039,
          "y": -1.284457059,
          "z": -1.284457059
        },
        {
          "x": 0.8368633,
          "y": -1.991563878,
          "z": -0.577350279
        }
      ],
      "faces": [
        {
          "vertices": [
            0,
            1,
            2
          ]
        },
        {
          "vertices": [
            0,
            2,
            1
          ]
        }
      ]
    },
    {
      "id": "db1d212b-d624-4c2f-9c1c-aa1703c59c0c",
      "vertices": [
        {
          "x": -0.8368633,
          "y": 0.577350279,
          "z": 1.991563878
        },
        {
          "x": -1.991563878,
          "y": -0.577350279,
          "z": 0.8368633
        },
        {
          "x": -1.284457059,
          "y": -1.284457059,
          "z": 2.568914039
        }
      ],
      "faces": [
        {
          "vertices": [
            0,
            1,
            2
          ]
        },
        {
          "vertices": [
            0,
            2,
            1
          ]
        }
      ]
    },
    {
      "id": "17544f3e-7d4c-4cb4-a0aa-6c2e5528d7bc",
      "vertices": [
        {
          "x": -1.284457059,
          "y": 2.568914039,
          "z": -1.284457059
        },
        {
          "x": -0.577350279,
          "y": 0.8368633,
          "z": -1.991563878
        },
        {
          "x": -1.991563878,
          "y": 0.8368633,
          "z": -0.577350279
        }
      ],
      "faces": [
        {
          "vertices": [
            0,
            1,
            2
          ]
        },
        {
          "vertices": [
            0,
            2,
            1
          ]
        }
      ]
    },
    {
      "id": "2e6cacca-0c9e-4c63-afa1-97e822bf3bdf",
      "vertices": [
        {
          "x": -0.8368633,
          "y": 1.991563878,
          "z": 0.577350279
        },
        {
          "x": 0.577350279,
          "y": 1.991563878,
          "z": -0.8368633
        },
        {
          "x": -1.284457059,
          "y": 2.568914039,
          "z": -1.284457059
        }
      ],
      "faces": [
        {
          "vertices": [
            0,
            1,
            2
          ]
        },
        {
          "vertices": [
            0,
            2,
            1
          ]
        }
      ]
    },
    {
      "id": "7d8cd874-3932-45a7-9311-dba55e966a86",
      "vertices": [
        {
          "x": 0.577350279,
          "y": -0.8368633,
          "z": 1.991563878
        },
        {
          "x": -0.577350279,
          "y": -1.991563878,
          "z": 0.8368633
        },
        {
          "x": 0.8368633,
          "y": -1.991563878,
          "z": -0.577350279
        },
        {
          "x": 1.991563878,
          "y": -0.8368633,
          "z": 0.577350279
        }
      ],
      "faces": [
        {
          "vertices": [
            0,
            1,
            2
          ]
        },
        {
          "vertices": [
            0,
            2,
            3
          ]
        },
        {
          "vertices": [
            0,
            3,
            2
          ]
        },
        {
          "vertices": [
            0,
            2,
            1
          ]
        }
      ]
    },
    {
      "id": "d3e0e530-9637-4b69-a7c8-112b73bf0a92",
      "vertices": [
        {
          "x": -0.8368633,
          "y": 0.577350279,
          "z": 1.991563878
        },
        {
          "x": -1.284457059,
          "y": -1.284457059,
          "z": 2.568914039
        },
        {
          "x": 0.577350279,
          "y": -0.8368633,
          "z": 1.991563878
        }
      ],
      "faces": [
        {
          "vertices": [
            0,
            1,
            2
          ]
        },
        {
          "vertices": [
            0,
            2,
            1
          ]
        }
      ]
    },
    {
      "id": "203ef823-bbad-478e-830c-3214f0975dbd",
      "vertices": [
        {
          "x": 0.577350279,
          "y": 1.991563878,
          "z": -0.8368633
        },
        {
          "x": 1.991563878,
          "y": 0.577350279,
          "z": -0.8368633
        },
        {
          "x": 0.8368633,
          "y": -0.577350279,
          "z": -1.991563878
        },
        {
          "x": -0.577350279,
          "y": 0.8368633,
          "z": -1.991563878
        }
      ],
      "faces": [
        {
          "vertices": [
            0,
            1,
            2
          ]
        },
        {
          "vertices": [
            0,
            2,
            3
          ]
        },
        {
          "vertices": [
            0,
            3,
            2
          ]
        },
        {
          "vertices": [
            0,
            2,
            1
          ]
        }
      ]
    },
    {
      "id": "9cfc2e5a-d5ea-4750-98ae-18470162efa1",
      "vertices": [
        {
          "x": -0.8368633,
          "y": 0.577350279,
          "z": 1.991563878
        },
        {
          "x": 0.577350279,
          "y": -0.8368633,
          "z": 1.991563878
        },
        {
          "x": 1.991563878,
          "y": -0.8368633,
          "z": 0.577350279
        },
        {
          "x": 1.991563878,
          "y": 0.577350279,
          "z": -0.8368633
        },
        {
          "x": 0.577350279,
          "y": 1.991563878,
          "z": -0.8368633
        },
        {
          "x": -0.8368633,
          "y": 1.991563878,
          "z": 0.577350279
        }
      ],
      "faces": [
        {
          "vertices": [
            0,
            1,
            2
          ]
        },
        {
          "vertices": [
            0,
            2,
            3
          ]
        },
        {
          "vertices": [
            0,
            3,
            4
          ]
        },
        {
          "vertices": [
            0,
            4,
            5
          ]
        },
        {
          "vertices": [
            0,
            5,
            4
          ]
        },
        {
          "vertices": [
            0,
            4,
            3
          ]
        },
        {
          "vertices": [
            0,
            3,
            2
          ]
        },
        {
          "vertices": [
            0,
            2,
            1
          ]
        }
      ]
    },
    {
      "id": "60cbbc4d-36dd-49c5-bf58-768d20a4c2e8",
      "vertices": [
        {
          "x": -1.991563878,
          "y": -0.577350279,
          "z": 0.8368633
        },
        {
          "x": -0.577350279,
          "y": -1.991563878,
          "z": 0.8368633
        },
        {
          "x": -1.284457059,
          "y": -1.284457059,
          "z": 2.568914039
        }
      ],
      "faces": [
        {
          "vertices": [
            0,
            1,
            2
          ]
        },
        {
          "vertices": [
            0,
            2,
            1
          ]
        }
      ]
    },
    {
      "id": "1e0596e4-5c1c-46ba-9881-4afb36d7dfef",
      "vertices": [
        {
          "x": -0.577350279,
          "y": -1.991563878,
          "z": 0.8368633
        },
        {
          "x": 0.577350279,
          "y": -0.8368633,
          "z": 1.991563878
        },
        {
          "x": -1.284457059,
          "y": -1.284457059,
          "z": 2.568914039
        }
      ],
      "faces": [
        {
          "vertices": [
            0,
            1,
            2
          ]
        },
        {
          "vertices": [
            0,
            2,
            1
          ]
        }
      ]
    },
    {
      "id": "e4a139b6-fbd8-46e4-a421-9cfd21eeacf8",
      "vertices": [
        {
          "x": 0.8368633,
          "y": -1.991563878,
          "z": -0.577350279
        },
        {
          "x": 2.568914039,
          "y": -1.284457059,
          "z": -1.284457059
        },
        {
          "x": 1.991563878,
          "y": -0.8368633,
          "z": 0.577350279
        }
      ],
      "faces": [
        {
          "vertices": [
            0,
            1,
            2
          ]
        },
        {
          "vertices": [
            0,
            2,
            1
          ]
        }
      ]
    },
    {
      "id": "d3ff2ec3-be15-4656-8db0-1a38b25409fb",
      "vertices": [
        {
          "x": 1.991563878,
          "y": 0.577350279,
          "z": -0.8368633
        },
        {
          "x": 2.568914039,
          "y": -1.284457059,
          "z": -1.284457059
        },
        {
          "x": 0.8368633,
          "y": -0.577350279,
          "z": -1.991563878
        }
      ],
      "faces": [
        {
          "vertices": [
            0,
            1,
            2
          ]
        },
        {
          "vertices": [
            0,
            2,
            1
          ]
        }
      ]
    },
    {
      "id": "6552828f-1826-4274-95ad-8c3eb2c126ae",
      "vertices": [
        {
          "x": -1.991563878,
          "y": 0.8368633,
          "z": -0.577350279
        },
        {
          "x": -1.991563878,
          "y": -0.577350279,
          "z": 0.8368633
        },
        {
          "x": -0.8368633,
          "y": 0.577350279,
          "z": 1.991563878
        },
        {
          "x": -0.8368633,
          "y": 1.991563878,
          "z": 0.577350279
        }
      ],
      "faces": [
        {
          "vertices": [
            0,
            1,
            2
          ]
        },
        {
          "vertices": [
            0,
            2,
            3
          ]
        },
        {
          "vertices": [
            0,
            3,
            2
          ]
        },
        {
          "vertices": [
            0,
            2,
            1
          ]
        }
      ]
    },
    {
      "id": "716430a7-4d88-42bf-aefe-0505c3b26b40",
      "vertices": [
        {
          "x": -1.284457059,
          "y": 2.568914039,
          "z": -1.284457059
        },
        {
          "x": -1.991563878,
          "y": 0.8368633,
          "z": -0.577350279
        },
        {
          "x": -0.8368633,
          "y": 1.991563878,
          "z": 0.577350279
        }
      ],
      "faces": [
        {
          "vertices": [
            0,
            1,
            2
          ]
        },
        {
          "vertices": [
            0,
            2,
            1
          ]
        }
      ]
    },
    {
      "id": "8eb13bb9-d1a5-4f03-8896-6a548ac2221c",
      "vertices": [
        {
          "x": -1.284457059,
          "y": 2.568914039,
          "z": -1.284457059
        },
        {
          "x": 0.577350279,
          "y": 1.991563878,
          "z": -0.8368633
        },
        {
          "x": -0.577350279,
          "y": 0.8368633,
          "z": -1.991563878
        }
      ],
      "faces": [
        {
          "vertices": [
            0,
            1,
            2
          ]
        },
        {
          "vertices": [
            0,
            2,
            1
          ]
        }
      ]
    },
    {
      "id": "975f4066-cb46-4f09-b09b-9687dd5321a8",
      "vertices": [
        {
          "x": 1.329214277,
          "y": 0.026153659,
          "z": 1.276906917
        },
        {
          "x": 1.348829501,
          "y": -0.052307318,
          "z": 1.29652214
        },
        {
          "x": 0.084999388,
          "y": -0.026153659,
          "z": 0.137306702
        },
        {
          "x": 0.065384145,
          "y": 0.052307318,
          "z": 0.117691459
        },
        {
          "x": 1.303060548,
          "y": -0.026153659,
          "z": 1.355367909
        },
        {
          "x": 1.283445364,
          "y": 0.052307318,
          "z": 1.335752685
        },
        {
          "x": 0.111153043,
          "y": 0.026153659,
          "z": 0.058845729
        },
        {
          "x": 0.130768294,
          "y": -0.052307318,
          "z": 0.078460972
        }
      ],
      "faces": [
        {
          "vertices": [
            2,
            3,
            6
          ]
        },
        {
          "vertices": [
            2,
            6,
            7
          ]
        },
        {
          "vertices": [
            0,
            5,
            4
          ]
        },
        {
          "vertices": [
            0,
            4,
            1
          ]
        },
        {
          "vertices": [
            2,
            4,
            5
          ]
        },
        {
          "vertices": [
            2,
            5,
            3
          ]
        },
        {
          "vertices": [
            0,
            6,
            3
          ]
        },
        {
          "vertices": [
            0,
            3,
            5
          ]
        },
        {
          "vertices": [
            0,
            1,
            7
          ]
        },
        {
          "vertices": [
            0,
            7,
            6
          ]
        },
        {
          "vertices": [
            1,
            4,
            2
          ]
        },
        {
          "vertices": [
            1,
            2,
            7
          ]
        }
      ]
    },
    {
      "id": "aa7f452d-5b41-41f4-8baa-8cc8bd49075c",
      "vertices": [
        {
          "x": 1.108931684,
          "y": 1.056624304,
          "z": 1.023932304
        },
        {
          "x": 1.089316441,
          "y": 1.03700912,
          "z": 1.102393335
        },
        {
          "x": 0.0457689,
          "y": 0.098076216,
          "z": 0.130768294
        },
        {
          "x": 0.065384145,
          "y": 0.117691459,
          "z": 0.052307318
        },
        {
          "x": 1.043547527,
          "y": 1.095854888,
          "z": 1.128546927
        },
        {
          "x": 1.063162751,
          "y": 1.115470112,
          "z": 1.050085955
        },
        {
          "x": 0.111153043,
          "y": 0.058845729,
          "z": 0.026153659
        },
        {
          "x": 0.091537802,
          "y": 0.039230486,
          "z": 0.104614635
        }
      ],
      "faces": [
        {
          "vertices": [
            2,
            3,
            6
          ]
        },
        {
          "vertices": [
            2,
            6,
            7
          ]
        },
        {
          "vertices": [
            0,
            5,
            4
          ]
        },
        {
          "vertices": [
            0,
            4,
            1
          ]
        },
        {
          "vertices": [
            2,
            4,
            5
          ]
        },
        {
          "vertices": [
            2,
            5,
            3
          ]
        },
        {
          "vertices": [
            0,
            6,
            3
          ]
        },
        {
          "vertices": [
            0,
            3,
            5
          ]
        },
        {
          "vertices": [
            0,
            1,
            7
          ]
        },
        {
          "vertices": [
            0,
            7,
            6
          ]
        },
        {
          "vertices": [
            1,
            4,
            2
          ]
        },
        {
          "vertices": [
            1,
            2,
            7
          ]
        }
      ]
    },
    {
      "id": "d77b41fc-038a-434c-9c42-efa752d70d35",
      "vertices": [
        {
          "x": 0.105117774,
          "y": 0,
          "z": 0
        },
        {
          "x": -0.105117774,
          "y": 0,
          "z": 0
        },
        {
          "x": 0,
          "y": 0.105117774,
          "z": 0
        },
        {
          "x": 0,
          "y": -0.105117774,
          "z": 0
        },
        {
          "x": 0,
          "y": 0,
          "z": 0.105117774
        },
        {
          "x": 0,
          "y": 0,
          "z": -0.105117774
        }
      ],
      "faces": [
        {
          "vertices": [
            0,
            2,
            4
          ]
        },
        {
          "vertices": [
            0,
            5,
            2
          ]
        },
        {
          "vertices": [
            0,
            4,
            3
          ]
        },
        {
          "vertices": [
            1,
            4,
            2
          ]
        },
        {
          "vertices": [
            0,
            3,
            5
          ]
        },
        {
          "vertices": [
            1,
            2,
            5
          ]
        },
        {
          "vertices": [
            1,
            3,
            4
          ]
        },
        {
          "vertices": [
            1,
            5,
            3
          ]
        }
      ]
    },
    {
      "id": "121c01f9-e936-42ff-b34f-b0e04d68464c",
      "vertices": [
        {
          "x": 0.642000237,
          "y": -0.609308139,
          "z": -1.653312349
        },
        {
          "x": 0.622384994,
          "y": -0.687769132,
          "z": -1.633697106
        },
        {
          "x": 0.065106593,
          "y": -0.097798664,
          "z": -0.07873852
        },
        {
          "x": 0.084721834,
          "y": -0.019337692,
          "z": -0.098353761
        },
        {
          "x": 0.681230724,
          "y": -0.713922763,
          "z": -1.587928271
        },
        {
          "x": 0.700845947,
          "y": -0.63546181,
          "z": -1.607543318
        },
        {
          "x": 0.025876107,
          "y": 0.006815965,
          "z": -0.144122665
        },
        {
          "x": 0.006260864,
          "y": -0.071645009,
          "z": -0.124507422
        }
      ],
      "faces": [
        {
          "vertices": [
            2,
            3,
            6
          ]
        },
        {
          "vertices": [
            2,
            6,
            7
          ]
        },
        {
          "vertices": [
            0,
            5,
            4
          ]
        },
        {
          "vertices": [
            0,
            4,
            1
          ]
        },
        {
          "vertices": [
            2,
            4,
            5
          ]
        },
        {
          "vertices": [
            2,
            5,
            3
          ]
        },
        {
          "vertices": [
            0,
            6,
            3
          ]
        },
        {
          "vertices": [
            0,
            3,
            5
          ]
        },
        {
          "vertices": [
            0,
            1,
            7
          ]
        },
        {
          "vertices": [
            0,
            7,
            6
          ]
        },
        {
          "vertices": [
            1,
            4,
            2
          ]
        },
        {
          "vertices": [
            1,
            2,
            7
          ]
        }
      ]
    },
    {
      "id": "045a4c4d-e151-4fd3-a6cb-187f7e045fa6",
      "vertices": [
        {
          "x": 0.444325644,
          "y": 1.752501533,
          "z": -0.500168711
