{
  "field": "polygon12",
  "symmetry": "octahedral",
  "orientations": [
    [
      1,
      0,
      0,
      0,
      0,
      1,
      0,
      0,
      0,
      0,
      1,
      0,
      0,
      0,
      0,
      1
    ],
    [
      1,
      0,
      0,
      0,
      0,
      0,
      1,
      0,
      0,
      -1,
      0,
      0,
      0,
      0,
      0,
      1
    ],
    [
      1,
      0,
      0,
      0,
      0,
      -1,
      0,
      0,
      0,
      0,
      -1,
      0,
      0,
      0,
      0,
      1
    ],
    [
      1,
      0,
      0,
      0,
      0,
      0,
      -1,
      0,
      0,
      1,
      0,
      0,
      0,
      0,
      0,
      1
    ],
    [
      0,
      1,
      0,
      0,
      0,
      0,
      1,
      0,
      1,
      0,
      0,
      0,
      0,
      0,
      0,
      1
    ],
    [
      0,
      1,
      0,
      0,
      1,
      0,
      0,
      0,
      0,
      0,
      -1,
      0,
      0,
      0,
      0,
      1
    ],
    [
      0,
      1,
      0,
      0,
      0,
      0,
      -1,
      0,
      -1,
      0,
      0,
      0,
      0,
      0,
      0,
      1
    ],
    [
      0,
      1,
      0,
      0,
      -1,
      0,
      0,
      0,
      0,
      0,
      1,
      0,
      0,
      0,
      0,
      1
    ],
    [
      0,
      0,
      1,
      0,
      1,
      0,
      0,
      0,
      0,
      1,
      0,
      0,
      0,
      0,
      0,
      1
    ],
    [
      0,
      0,
      1,
      0,
      0,
      1,
      0,
      0,
      -1,
      0,
      0,
      0,
      0,
      0,
      0,
      1
    ],
    [
      0,
      0,
      1,
      0,
      -1,
      0,
      0,
      0,
      0,
      -1,
      0,
      0,
      0,
      0,
      0,
      1
    ],
    [
      0,
      0,
      1,
      0,
      0,
      -1,
      0,
      0,
      1,
      0,
      0,
      0,
      0,
      0,
      0,
      1
    ],
    [
      -1,
      0,
      0,
      0,
      0,
      -1,
      0,
      0,
      0,
      0,
      1,
      0,
      0,
      0,
      0,
      1
    ],
    [
      -1,
      0,
      0,
      0,
      0,
      0,
      1,
      0,
      0,
      1,
      0,
      0,
      0,
      0,
      0,
      1
    ],
    [
      -1,
      0,
      0,
      0,
      0,
      1,
      0,
      0,
      0,
      0,
      -1,
      0,
      0,
      0,
      0,
      1
    ],
    [
      -1,
      0,
      0,
      0,
      0,
      0,
      -1,
      0,
      0,
      -1,
      0,
      0,
      0,
      0,
      0,
      1
    ],
    [
      0,
      -1,
      0,
      0,
      0,
      0,
      -1,
      0,
      1,
      0,
      0,
      0,
      0,
      0,
      0,
      1
    ],
    [
      0,
      -1,
      0,
      0,
      1,
      0,
      0,
      0,
      0,
      0,
      1,
      0,
      0,
      0,
      0,
      1
    ],
    [
      0,
      -1,
      0,
      0,
      0,
      0,
      1,
      0,
      -1,
      0,
      0,
      0,
      0,
      0,
      0,
      1
    ],
    [
      0,
      -1,
      0,
      0,
      -1,
      0,
      0,
      0,
      0,
      0,
      -1,
      0,
      0,
      0,
      0,
      1
    ],
    [
      0,
      0,
      -1,
      0,
      -1,
      0,
      0,
      0,
      0,
      1,
      0,
      0,
      0,
      0,
      0,
      1
    ],
    [
      0,
      0,
      -1,
      0,
      0,
      1,
      0,
      0,
      1,
      0,
      0,
      0,
      0,
      0,
      0,
      1
    ],
    [
      0,
      0,
      -1,
      0,
      1,
      0,
      0,
      0,
      0,
      -1,
      0,
      0,
      0,
      0,
      0,
      1
    ],
    [
      0,
      0,
      -1,
      0,
      0,
      -1,
      0,
      0,
      -1,
      0,
      0,
      0,
      0,
      0,
      0,
      1
    ]
  ],
  "lights": {
    "directionalLights": [
      {
        "direction": [
          1,
          -1,
          -1
        ],
        "color": "#EBEBE4"
      },
      {
        "direction": [
          -1,
          0,
          0
        ],
        "color": "#E4E4EB"
      },
      {
        "direction": [
          0,
          0,
          -1
        ],
        "color": "#1E1E1E"
      }
    ],
    "backgroundColor": "#AFC8DC",
    "ambientColor": "#292929"
  },
  "camera": {
    "width": 62.201046,
    "position": {
      "x": 0,
      "y": 0,
      "z": 138.22453
    },
    "nearClipDistance": 0.34556133,
    "perspective": false,
    "farClipDistance": 276.44907,
    "fieldOfView": 0.44262892,
    "viewDistance": 138.22453,
    "lookAtPoint": {
      "x": 0,
      "y": 0,
      "z": 0
    },
    "lookDirection": {
      "x": 0,
      "y": 0,
      "z": -1
    },
    "stereo": false,
    "upDirection": {
      "x": 0,
      "y": 1,
      "z": 0
    }
  },
  "embedding": [
    1,
    0,
    0,
    0,
    0,
    1,
    0,
    0,
    0,
    0,
    1,
    0,
    0,
    0,
    0,
    1
  ],
  "shapes": [
    {
      "id": "61012b24-af35-4959-9642-bdd769c0674b",
      "vertices": [
        {
          "x": -2.9433756,
          "y": 4.2663927,
          "z": -10.153144
        },
        {
          "x": 4.2663927,
          "y": -2.9433756,
          "z": -10.153144
        },
        {
          "x": 4.2663927,
          "y": -10.153144,
          "z": -2.9433756
        },
        {
          "x": -2.9433756,
          "y": -10.153144,
          "z": 4.2663927
        },
        {
          "x": -10.153144,
          "y": -2.9433756,
          "z": 4.2663927
        },
        {
          "x": -10.153144,
          "y": 4.2663927,
          "z": -2.9433756
        }
      ],
      "faces": [
        {
          "vertices": [
            0,
            1,
            2
          ]
        },
        {
          "vertices": [
            0,
            2,
            3
          ]
        },
        {
          "vertices": [
            0,
            3,
            4
          ]
        },
        {
          "vertices": [
            0,
            4,
            5
          ]
        },
        {
          "vertices": [
            0,
            5,
            4
          ]
        },
        {
          "vertices": [
            0,
            4,
            3
          ]
        },
        {
          "vertices": [
            0,
            3,
            2
          ]
        },
        {
          "vertices": [
            0,
            2,
            1
          ]
        }
      ]
    },
    {
      "id": "8ac60b35-9938-43ed-8ab1-8c641b35407a",
      "vertices": [
        {
          "x": -4.2663927,
          "y": 2.9433756,
          "z": 10.153144
        },
        {
          "x": -6.5482597,
          "y": -6.5482597,
          "z": 13.096519
        },
        {
          "x": 2.9433756,
          "y": -4.2663927,
          "z": 10.153144
        }
      ],
      "faces": [
        {
          "vertices": [
            0,
            1,
            2
          ]
        },
        {
          "vertices": [
            0,
            2,
            1
          ]
        }
      ]
    },
    {
      "id": "a1689388-74b0-4d18-9c13-56e175366b0d",
      "vertices": [
        {
          "x": 2.9433756,
          "y": 10.153144,
          "z": -4.2663927
        },
        {
          "x": 10.153144,
          "y": 2.9433756,
          "z": -4.2663927
        },
        {
          "x": 4.2663927,
          "y": -2.9433756,
          "z": -10.153144
        },
        {
          "x": -2.9433756,
          "y": 4.2663927,
          "z": -10.153144
        }
      ],
      "faces": [
        {
          "vertices": [
            0,
            1,
            2
          ]
        },
        {
          "vertices": [
            0,
            2,
            3
          ]
        },
        {
          "vertices": [
            0,
            3,
            2
          ]
        },
        {
          "vertices": [
            0,
            2,
            1
          ]
        }
      ]
    },
    {
      "id": "a7cc9c2f-9688-40e8-a2e6-37c362b572de",
      "vertices": [
        {
          "x": 4.2663927,
          "y": -2.9433756,
          "z": -10.153144
        },
        {
          "x": 13.096519,
          "y": -6.5482597,
          "z": -6.5482597
        },
        {
          "x": 4.2663927,
          "y": -10.153144,
          "z": -2.9433756
        }
      ],
      "faces": [
        {
          "vertices": [
            0,
            1,
            2
          ]
        },
        {
          "vertices": [
            0,
            2,
            1
          ]
        }
      ]
    },
    {
      "id": "9bca96b4-3098-4450-bc64-b526fde42057",
      "vertices": [
        {
          "x": -2.9433756,
          "y": -10.153144,
          "z": 4.2663927
        },
        {
          "x": 2.9433756,
          "y": -4.2663927,
          "z": 10.153144
        },
        {
          "x": -6.5482597,
          "y": -6.5482597,
          "z": 13.096519
        }
      ],
      "faces": [
        {
          "vertices": [
            0,
            1,
            2
          ]
        },
        {
          "vertices": [
            0,
            2,
            1
          ]
        }
      ]
    },
    {
      "id": "1cebd236-5904-46aa-a60c-622de261f6a5",
      "vertices": [
        {
          "x": -6.5482597,
          "y": 13.096519,
          "z": -6.5482597
        },
        {
          "x": -10.153144,
          "y": 4.2663927,
          "z": -2.9433756
        },
        {
          "x": -4.2663927,
          "y": 10.153144,
          "z": 2.9433756
        }
      ],
      "faces": [
        {
          "vertices": [
            0,
            1,
            2
          ]
        },
        {
          "vertices": [
            0,
            2,
            1
          ]
        }
      ]
    },
    {
      "id": "374d10bd-92e5-4485-ad51-05a121de800d",
      "vertices": [
        {
          "x": 4.2663927,
          "y": -10.153144,
          "z": -2.9433756
        },
        {
          "x": 13.096519,
          "y": -6.5482597,
          "z": -6.5482597
        },
        {
          "x": 10.153144,
          "y": -4.2663927,
          "z": 2.9433756
        }
      ],
      "faces": [
        {
          "vertices": [
            0,
            1,
            2
          ]
        },
        {
          "vertices": [
            0,
            2,
            1
          ]
        }
      ]
    },
    {
      "id": "138e0369-0242-450f-aed5-f1b7cd1fa76a",
      "vertices": [
        {
          "x": -4.2663927,
          "y": 2.9433756,
          "z": 10.153144
        },
        {
          "x": 2.9433756,
          "y": -4.2663927,
          "z": 10.153144
        },
        {
          "x": 10.153144,
          "y": -4.2663927,
          "z": 2.9433756
        },
        {
          "x": 10.153144,
          "y": 2.9433756,
          "z": -4.2663927
        },
        {
          "x": 2.9433756,
          "y": 10.153144,
          "z": -4.2663927
        },
        {
          "x": -4.2663927,
          "y": 10.153144,
          "z": 2.9433756
        }
      ],
      "faces": [
        {
          "vertices": [
            0,
            1,
            2
          ]
        },
        {
          "vertices": [
            0,
            2,
            3
          ]
        },
        {
          "vertices": [
            0,
            3,
            4
          ]
        },
        {
          "vertices": [
            0,
            4,
            5
          ]
        },
        {
          "vertices": [
            0,
            5,
            4
          ]
        },
        {
          "vertices": [
            0,
            4,
            3
          ]
        },
        {
          "vertices": [
            0,
            3,
            2
          ]
        },
        {
          "vertices": [
            0,
            2,
            1
          ]
        }
      ]
    },
    {
      "id": "b0a26575-a07c-4098-9cd5-e0895d7040ae",
      "vertices": [
        {
          "x": -4.2663927,
          "y": 10.153144,
          "z": 2.9433756
        },
        {
          "x": 2.9433756,
          "y": 10.153144,
          "z": -4.2663927
        },
        {
          "x": -6.5482597,
          "y": 13.096519,
          "z": -6.5482597
        }
      ],
      "faces": [
        {
          "vertices": [
            0,
            1,
            2
          ]
        },
        {
          "vertices": [
            0,
            2,
            1
          ]
        }
      ]
    },
    {
      "id": "e95b291d-47ad-4cb4-9968-ee3a9af92c2a",
      "vertices": [
        {
          "x": -6.5482597,
          "y": 13.096519,
          "z": -6.5482597
        },
        {
          "x": 2.9433756,
          "y": 10.153144,
          "z": -4.2663927
        },
        {
          "x": -2.9433756,
          "y": 4.2663927,
          "z": -10.153144
        }
      ],
      "faces": [
        {
          "vertices": [
            0,
            1,
            2
          ]
        },
        {
          "vertices": [
            0,
            2,
            1
          ]
        }
      ]
    },
    {
      "id": "4b325878-7e28-4dd3-a308-c71624f96376",
      "vertices": [
        {
          "x": -4.2663927,
          "y": 2.9433756,
          "z": 10.153144
        },
        {
          "x": -10.153144,
          "y": -2.9433756,
          "z": 4.2663927
        },
        {
          "x": -6.5482597,
          "y": -6.5482597,
          "z": 13.096519
        }
      ],
      "faces": [
        {
          "vertices": [
            0,
            1,
            2
          ]
        },
        {
          "vertices": [
            0,
            2,
            1
          ]
        }
      ]
    },
    {
      "id": "c6cbac31-b721-4bac-bcb8-e1fd9279a605",
      "vertices": [
        {
          "x": -10.153144,
          "y": -2.9433756,
          "z": 4.2663927
        },
        {
          "x": -2.9433756,
          "y": -10.153144,
          "z": 4.2663927
        },
        {
          "x": -6.5482597,
          "y": -6.5482597,
          "z": 13.096519
        }
      ],
      "faces": [
        {
          "vertices": [
            0,
            1,
            2
          ]
        },
        {
          "vertices": [
            0,
            2,
            1
          ]
        }
      ]
    },
    {
      "id": "bf88c8bf-2508-437d-a3f2-23b5ea690ae0",
      "vertices": [
        {
          "x": 10.153144,
          "y": 2.9433756,
          "z": -4.2663927
        },
        {
          "x": 10.153144,
          "y": -4.2663927,
          "z": 2.9433756
        },
        {
          "x": 13.096519,
          "y": -6.5482597,
          "z": -6.5482597
        }
      ],
      "faces": [
        {
          "vertices": [
            0,
            1,
            2
          ]
        },
        {
          "vertices": [
            0,
            2,
            1
          ]
        }
      ]
    },
    {
      "id": "a2ddac83-680e-4bdd-975c-00d1d74fcc81",
      "vertices": [
        {
          "x": -10.153144,
          "y": 4.2663927,
          "z": -2.9433756
        },
        {
          "x": -10.153144,
          "y": -2.9433756,
          "z": 4.2663927
        },
        {
          "x": -4.2663927,
          "y": 2.9433756,
          "z": 10.153144
        },
        {
          "x": -4.2663927,
          "y": 10.153144,
          "z": 2.9433756
        }
      ],
      "faces": [
        {
          "vertices": [
            0,
            1,
            2
          ]
        },
        {
          "vertices": [
            0,
            2,
            3
          ]
        },
        {
          "vertices": [
            0,
            3,
            2
          ]
        },
        {
          "vertices": [
            0,
            2,
            1
          ]
        }
      ]
    },
    {
      "id": "92e1b3ac-cb61-4121-a1af-6385b72155d6",
      "vertices": [
        {
          "x": -6.5482597,
          "y": 13.096519,
          "z": -6.5482597
        },
        {
          "x": -2.9433756,
          "y": 4.2663927,
          "z": -10.153144
        },
        {
          "x": -10.153144,
          "y": 4.2663927,
          "z": -2.9433756
        }
      ],
      "faces": [
        {
          "vertices": [
            0,
            1,
            2
          ]
        },
        {
          "vertices": [
            0,
            2,
            1
          ]
        }
      ]
    },
    {
      "id": "22a7f01c-51b8-450e-86b9-5ec98245629a",
      "vertices": [
        {
          "x": 2.9433756,
          "y": -4.2663927,
          "z": 10.153144
        },
        {
          "x": -2.9433756,
          "y": -10.153144,
          "z": 4.2663927
        },
        {
          "x": 4.2663927,
          "y": -10.153144,
          "z": -2.9433756
        },
        {
          "x": 10.153144,
          "y": -4.2663927,
          "z": 2.9433756
        }
      ],
      "faces": [
        {
          "vertices": [
            0,
            1,
            2
          ]
        },
        {
          "vertices": [
            0,
            2,
            3
          ]
        },
        {
          "vertices": [
            0,
            3,
            2
          ]
        },
        {
          "vertices": [
            0,
            2,
            1
          ]
        }
      ]
    },
    {
      "id": "a21291af-cc3c-46dc-bfb7-ac2064b98b60",
      "vertices": [
        {
          "x": 10.153144,
          "y": 2.9433756,
          "z": -4.2663927
        },
        {
          "x": 13.096519,
          "y": -6.5482597,
          "z": -6.5482597
        },
        {
          "x": 4.2663927,
          "y": -2.9433756,
          "z": -10.153144
        }
      ],
      "faces": [
        {
          "vertices": [
            0,
            1,
            2
          ]
        },
        {
          "vertices": [
            0,
            2,
            1
          ]
        }
      ]
    },
    {
      "id": "61eccdc1-b0b4-4190-9676-3f183949e1bb",
      "vertices": [
        {
          "x": 10.153144,
          "y": 2.9433756,
          "z": -4.2663927
        },
        {
          "x": 10.153144,
          "y": -4.2663927,
          "z": 2.9433756
        },
        {
          "x": 13.096519,
          "y": -6.5482597,
          "z": -6.5482597
        }
      ],
      "faces": [
        {
          "vertices": [
            0,
            1,
            2
          ]
        },
        {
          "vertices": [
            0,
            2,
            1
          ]
        }
      ]
    },
    {
      "id": "4813d1c8-98b1-40f0-9a72-ca3435f6a06c",
      "vertices": [
        {
          "x": -2.9433756,
          "y": 4.2663927,
          "z": -10.153144
        },
        {
          "x": 4.2663927,
          "y": -2.9433756,
          "z": -10.153144
        },
        {
          "x": 4.2663927,
          "y": -10.153144,
          "z": -2.9433756
        },
        {
          "x": -2.9433756,
          "y": -10.153144,
          "z": 4.2663927
        },
        {
          "x": -10.153144,
          "y": -2.9433756,
          "z": 4.2663927
        },
        {
          "x": -10.153144,
          "y": 4.2663927,
          "z": -2.9433756
        }
      ],
      "faces": [
        {
          "vertices": [
            0,
            1,
            2
          ]
        },
        {
          "vertices": [
            0,
            2,
            3
          ]
        },
        {
          "vertices": [
            0,
            3,
            4
          ]
        },
        {
          "vertices": [
            0,
            4,
            5
          ]
        },
        {
          "vertices": [
            0,
            5,
            4
          ]
        },
        {
          "vertices": [
            0,
            4,
            3
          ]
        },
        {
          "vertices": [
            0,
            3,
            2
          ]
        },
        {
          "vertices": [
            0,
            2,
            1
          ]
        }
      ]
    },
    {
      "id": "cd683fd7-0f78-4eec-bd93-9996c4359664",
      "vertices": [
        {
          "x": 4.2663927,
          "y": -2.9433756,
          "z": -10.153144
        },
        {
          "x": 13.096519,
          "y": -6.5482597,
          "z": -6.5482597
        },
        {
          "x": 4.2663927,
          "y": -10.153144,
          "z": -2.9433756
        }
      ],
      "faces": [
        {
          "vertices": [
            0,
            1,
            2
          ]
        },
        {
          "vertices": [
            0,
            2,
            1
          ]
        }
      ]
    },
    {
      "id": "db1d212b-d624-4c2f-9c1c-aa1703c59c0c",
      "vertices": [
        {
          "x": -4.2663927,
          "y": 2.9433756,
          "z": 10.153144
        },
        {
          "x": -10.153144,
          "y": -2.9433756,
          "z": 4.2663927
        },
        {
          "x": -6.5482597,
          "y": -6.5482597,
          "z": 13.096519
        }
      ],
      "faces": [
        {
          "vertices": [
            0,
            1,
            2
          ]
        },
        {
          "vertices": [
            0,
            2,
            1
          ]
        }
      ]
    },
    {
      "id": "17544f3e-7d4c-4cb4-a0aa-6c2e5528d7bc",
      "vertices": [
        {
          "x": -6.5482597,
          "y": 13.096519,
          "z": -6.5482597
        },
        {
          "x": -2.9433756,
          "y": 4.2663927,
          "z": -10.153144
        },
        {
          "x": -10.153144,
          "y": 4.2663927,
          "z": -2.9433756
        }
      ],
      "faces": [
        {
          "vertices": [
            0,
            1,
            2
          ]
        },
        {
          "vertices": [
            0,
            2,
            1
          ]
        }
      ]
    },
    {
      "id": "2e6cacca-0c9e-4c63-afa1-97e822bf3bdf",
      "vertices": [
        {
          "x": -4.2663927,
          "y": 10.153144,
          "z": 2.9433756
        },
        {
          "x": 2.9433756,
          "y": 10.153144,
          "z": -4.2663927
        },
        {
          "x": -6.5482597,
          "y": 13.096519,
          "z": -6.5482597
        }
      ],
      "faces": [
        {
          "vertices": [
            0,
            1,
            2
          ]
        },
        {
          "vertices": [
            0,
            2,
            1
          ]
        }
      ]
    },
    {
      "id": "7d8cd874-3932-45a7-9311-dba55e966a86",
      "vertices": [
        {
          "x": 2.9433756,
          "y": -4.2663927,
          "z": 10.153144
        },
        {
          "x": -2.9433756,
          "y": -10.153144,
          "z": 4.2663927
        },
        {
          "x": 4.2663927,
          "y": -10.153144,
          "z": -2.9433756
        },
        {
          "x": 10.153144,
          "y": -4.2663927,
          "z": 2.9433756
        }
      ],
      "faces": [
        {
          "vertices": [
            0,
            1,
            2
          ]
        },
        {
          "vertices": [
            0,
            2,
            3
          ]
        },
        {
          "vertices": [
            0,
            3,
            2
          ]
        },
        {
          "vertices": [
            0,
            2,
            1
          ]
        }
      ]
    },
    {
      "id": "d3e0e530-9637-4b69-a7c8-112b73bf0a92",
      "vertices": [
        {
          "x": -4.2663927,
          "y": 2.9433756,
          "z": 10.153144
        },
        {
          "x": -6.5482597,
          "y": -6.5482597,
          "z": 13.096519
        },
        {
          "x": 2.9433756,
          "y": -4.2663927,
          "z": 10.153144
        }
      ],
      "faces": [
        {
          "vertices": [
            0,
            1,
            2
          ]
        },
        {
          "vertices": [
            0,
            2,
            1
          ]
        }
      ]
    },
    {
      "id": "203ef823-bbad-478e-830c-3214f0975dbd",
      "vertices": [
        {
          "x": 2.9433756,
          "y": 10.153144,
          "z": -4.2663927
        },
        {
          "x": 10.153144,
          "y": 2.9433756,
          "z": -4.2663927
        },
        {
          "x": 4.2663927,
          "y": -2.9433756,
          "z": -10.153144
        },
        {
          "x": -2.9433756,
          "y": 4.2663927,
          "z": -10.153144
        }
      ],
      "faces": [
        {
          "vertices": [
            0,
            1,
            2
          ]
        },
        {
          "vertices": [
            0,
            2,
            3
          ]
        },
        {
          "vertices": [
            0,
            3,
            2
          ]
        },
        {
          "vertices": [
            0,
            2,
            1
          ]
        }
      ]
    },
    {
      "id": "9cfc2e5a-d5ea-4750-98ae-18470162efa1",
      "vertices": [
        {
          "x": -4.2663927,
          "y": 2.9433756,
          "z": 10.153144
        },
        {
          "x": 2.9433756,
          "y": -4.2663927,
          "z": 10.153144
        },
        {
          "x": 10.153144,
          "y": -4.2663927,
          "z": 2.9433756
        },
        {
          "x": 10.153144,
          "y": 2.9433756,
          "z": -4.2663927
        },
        {
          "x": 2.9433756,
          "y": 10.153144,
          "z": -4.2663927
        },
        {
          "x": -4.2663927,
          "y": 10.153144,
          "z": 2.9433756
        }
      ],
      "faces": [
        {
          "vertices": [
            0,
            1,
            2
          ]
        },
        {
          "vertices": [
            0,
            2,
            3
          ]
        },
        {
          "vertices": [
            0,
            3,
            4
          ]
        },
        {
          "vertices": [
            0,
            4,
            5
          ]
        },
        {
          "vertices": [
            0,
            5,
            4
          ]
        },
        {
          "vertices": [
            0,
            4,
            3
          ]
        },
        {
          "vertices": [
            0,
            3,
            2
          ]
        },
        {
          "vertices": [
            0,
            2,
            1
          ]
        }
      ]
    },
    {
      "id": "60cbbc4d-36dd-49c5-bf58-768d20a4c2e8",
      "vertices": [
        {
          "x": -10.153144,
          "y": -2.9433756,
          "z": 4.2663927
        },
        {
          "x": -2.9433756,
          "y": -10.153144,
          "z": 4.2663927
        },
        {
          "x": -6.5482597,
          "y": -6.5482597,
          "z": 13.096519
        }
      ],
      "faces": [
        {
          "vertices": [
            0,
            1,
            2
          ]
        },
        {
          "vertices": [
            0,
            2,
            1
          ]
        }
      ]
    },
    {
      "id": "1e0596e4-5c1c-46ba-9881-4afb36d7dfef",
      "vertices": [
        {
          "x": -2.9433756,
          "y": -10.153144,
          "z": 4.2663927
        },
        {
          "x": 2.9433756,
          "y": -4.2663927,
          "z": 10.153144
        },
        {
          "x": -6.5482597,
          "y": -6.5482597,
          "z": 13.096519
        }
      ],
      "faces": [
        {
          "vertices": [
            0,
            1,
            2
          ]
        },
        {
          "vertices": [
            0,
            2,
            1
          ]
        }
      ]
    },
    {
      "id": "e4a139b6-fbd8-46e4-a421-9cfd21eeacf8",
      "vertices": [
        {
          "x": 4.2663927,
          "y": -10.153144,
          "z": -2.9433756
        },
        {
          "x": 13.096519,
          "y": -6.5482597,
          "z": -6.5482597
        },
        {
          "x": 10.153144,
          "y": -4.2663927,
          "z": 2.9433756
        }
      ],
      "faces": [
        {
          "vertices": [
            0,
            1,
            2
          ]
        },
        {
          "vertices": [
            0,
            2,
            1
          ]
        }
      ]
    },
    {
      "id": "d3ff2ec3-be15-4656-8db0-1a38b25409fb",
      "vertices": [
        {
          "x": 10.153144,
          "y": 2.9433756,
          "z": -4.2663927
        },
        {
          "x": 13.096519,
          "y": -6.5482597,
          "z": -6.5482597
        },
        {
          "x": 4.2663927,
          "y": -2.9433756,
          "z": -10.153144
        }
      ],
      "faces": [
        {
          "vertices": [
            0,
            1,
            2
          ]
        },
        {
          "vertices": [
            0,
            2,
            1
          ]
        }
      ]
    },
    {
      "id": "6552828f-1826-4274-95ad-8c3eb2c126ae",
      "vertices": [
        {
          "x": -10.153144,
          "y": 4.2663927,
          "z": -2.9433756
        },
        {
          "x": -10.153144,
          "y": -2.9433756,
          "z": 4.2663927
        },
        {
          "x": -4.2663927,
          "y": 2.9433756,
          "z": 10.153144
        },
        {
          "x": -4.2663927,
          "y": 10.153144,
          "z": 2.9433756
        }
      ],
      "faces": [
        {
          "vertices": [
            0,
            1,
            2
          ]
        },
        {
          "vertices": [
            0,
            2,
            3
          ]
        },
        {
          "vertices": [
            0,
            3,
            2
          ]
        },
        {
          "vertices": [
            0,
            2,
            1
          ]
        }
      ]
    },
    {
      "id": "716430a7-4d88-42bf-aefe-0505c3b26b40",
      "vertices": [
        {
          "x": -6.5482597,
          "y": 13.096519,
          "z": -6.5482597
        },
        {
          "x": -10.153144,
          "y": 4.2663927,
          "z": -2.9433756
        },
        {
          "x": -4.2663927,
          "y": 10.153144,
          "z": 2.9433756
        }
      ],
      "faces": [
        {
          "vertices": [
            0,
            1,
            2
          ]
        },
        {
          "vertices": [
            0,
            2,
            1
          ]
        }
      ]
    },
    {
      "id": "8eb13bb9-d1a5-4f03-8896-6a548ac2221c",
      "vertices": [
        {
          "x": -6.5482597,
          "y": 13.096519,
          "z": -6.5482597
        },
        {
          "x": 2.9433756,
          "y": 10.153144,
          "z": -4.2663927
        },
        {
          "x": -2.9433756,
          "y": 4.2663927,
          "z": -10.153144
        }
      ],
      "faces": [
        {
          "vertices": [
            0,
            1,
            2
          ]
        },
        {
          "vertices": [
            0,
            2,
            1
          ]
        }
      ]
    },
    {
      "id": "975f4066-cb46-4f09-b09b-9687dd5321a8",
      "vertices": [
        {
          "x": 6.7764354,
          "y": 0.13333334,
          "z": 6.5097685
        },
        {
          "x": 6.8764353,
          "y": -0.26666668,
          "z": 6.6097684
        },
        {
          "x": 0.43333334,
          "y": -0.13333334,
          "z": 0.7
        },
        {
          "x": 0.33333334,
          "y": 0.26666668,
          "z": 0.6
        },
        {
          "x": 6.6431017,
          "y": -0.13333334,
          "z": 6.9097686
        },
        {
          "x": 6.543102,
          "y": 0.26666668,
          "z": 6.8097687
        },
        {
          "x": 0.56666666,
          "y": 0.13333334,
          "z": 0.3
        },
        {
          "x": 0.6666667,
          "y": -0.26666668,
          "z": 0.4
        }
      ],
      "faces": [
        {
          "vertices": [
            2,
            3,
            6
          ]
        },
        {
          "vertices": [
            2,
            6,
            7
          ]
        },
        {
          "vertices": [
            0,
            5,
            4
          ]
        },
        {
          "vertices": [
            0,
            4,
            1
          ]
        },
        {
          "vertices": [
            2,
            4,
            5
          ]
        },
        {
          "vertices": [
            2,
            5,
            3
          ]
        },
        {
          "vertices": [
            0,
            6,
            3
          ]
        },
        {
          "vertices": [
            0,
            3,
            5
          ]
        },
        {
          "vertices": [
            0,
            1,
            7
          ]
        },
        {
          "vertices": [
            0,
            7,
            6
          ]
        },
        {
          "vertices": [
            1,
            4,
            2
          ]
        },
        {
          "vertices": [
            1,
            2,
            7
          ]
        }
      ]
    },
    {
      "id": "aa7f452d-5b41-41f4-8baa-8cc8bd49075c",
      "vertices": [
        {
          "x": 5.653418,
          "y": 5.386751,
          "z": 5.2200847
        },
        {
          "x": 5.553418,
          "y": 5.2867513,
          "z": 5.620085
        },
        {
          "x": 0.23333333,
          "y": 0.5,
          "z": 0.6666667
        },
        {
          "x": 0.33333334,
          "y": 0.6,
          "z": 0.26666668
        },
        {
          "x": 5.3200846,
          "y": 5.5867515,
          "z": 5.753418
        },
        {
          "x": 5.4200845,
          "y": 5.6867514,
          "z": 5.353418
        },
        {
          "x": 0.56666666,
          "y": 0.3,
          "z": 0.13333334
        },
        {
          "x": 0.46666667,
          "y": 0.2,
          "z": 0.53333336
        }
      ],
      "faces": [
        {
          "vertices": [
            2,
            3,
            6
          ]
        },
        {
          "vertices": [
            2,
            6,
            7
          ]
        },
        {
          "vertices": [
            0,
            5,
            4
          ]
        },
        {
          "vertices": [
            0,
            4,
            1
          ]
        },
        {
          "vertices": [
            2,
            4,
            5
          ]
        },
        {
          "vertices": [
            2,
            5,
            3
          ]
        },
        {
          "vertices": [
            0,
            6,
            3
          ]
        },
        {
          "vertices": [
            0,
            3,
            5
          ]
        },
        {
          "vertices": [
            0,
            1,
            7
          ]
        },
        {
          "vertices": [
            0,
            7,
            6
          ]
        },
        {
          "vertices": [
            1,
            4,
            2
          ]
        },
        {
          "vertices": [
            1,
            2,
            7
          ]
        }
      ]
    },
    {
      "id": "d77b41fc-038a-434c-9c42-efa752d70d35",
      "vertices": [
        {
          "x": 0.5358984,
          "y": 0,
          "z": 0
        },
        {
          "x": -0.5358984,
          "y": 0,
          "z": 0
        },
        {
          "x": 0,
          "y": 0.5358984,
          "z": 0
        },
        {
          "x": 0,
          "y": -0.5358984,
          "z": 0
        },
        {
          "x": 0,
          "y": 0,
          "z": 0.5358984
        },
        {
          "x": 0,
          "y": 0,
          "z": -0.5358984
        }
      ],
      "faces": [
        {
          "vertices": [
            0,
            2,
            4
          ]
        },
        {
          "vertices": [
            0,
            5,
            2
          ]
        },
        {
          "vertices": [
            0,
            4,
            3
          ]
        },
        {
          "vertices": [
            1,
            4,
            2
          ]
        },
        {
          "vertices": [
            0,
            3,
            5
          ]
        },
        {
          "vertices": [
            1,
            2,
            5
          ]
        },
        {
          "vertices": [
            1,
            3,
            4
          ]
        },
        {
          "vertices": [
            1,
            5,
            3
          ]
        }
      ]
    },
    {
      "id": "121c01f9-e936-42ff-b34f-b0e04d68464c",
      "vertices": [
        {
          "x": 3.272966,
          "y": -3.1062992,
          "z": -8.428712
        },
        {
          "x": 3.172966,
          "y": -3.5062993,
          "z": -8.328712
        },
        {
          "x": 0.33191836,
          "y": -0.49858502,
          "z": -0.40141496
        },
        {
          "x": 0.43191835,
          "y": -0.098585024,
          "z": -0.50141495
        },
        {
          "x": 3.472966,
          "y": -3.6396325,
          "z": -8.095379
        },
        {
          "x": 3.5729659,
          "y": -3.2396326,
          "z": -8.195378
        },
        {
          "x": 0.13191836,
          "y": 0.03474831,
          "z": -0.7347483
        },
        {
          "x": 0.031918358,
          "y": -0.3652517,
          "z": -0.6347483
        }
      ],
      "faces": [
        {
          "vertices": [
            2,
            3,
            6
          ]
        },
        {
          "vertices": [
            2,
            6,
            7
          ]
        },
        {
          "vertices": [
            0,
            5,
            4
          ]
        },
        {
          "vertices": [
            0,
            4,
            1
          ]
        },
        {
          "vertices": [
            2,
            4,
            5
          ]
        },
        {
          "vertices": [
            2,
            5,
            3
          ]
        },
        {
          "vertices": [
            0,
            6,
            3
          ]
        },
        {
          "vertices": [
            0,
            3,
            5
          ]
        },
        {
          "vertices": [
            0,
            1,
            7
          ]
        },
        {
          "vertices": [
            0,
            7,
            6
          ]
        },
        {
          "vertices": [
            1,
            4,
            2
          ]
        },
        {
          "vertices": [
            1,
            2,
            7
          ]
        }
      ]
    },
    {
      "id": "045a4c4d-e151-4fd3-a6cb-187f7e045fa6",
      "vertices": [
        {
          "x": 2.2652059,
          "y": 8.934386,
          "z": -2.5498981
        },
        {
          "x": 1.865206,
          "y": 9.034387,
          "z": -2.649898
        },
        {
          "x": 0.01666112,
          "y": 0.557249,
          "z": -0.39347753
        },
        {
          "x": 0.4166611,
          "y": 0.45724902,
          "z": -0.29347754
        },
        {
          "x": 1.9985393,
          "y": 8.801053,
          "z": -2.9498982
        },
        {
          "x": 2.3985393,
          "y": 8.701054,
          "z": -2.849898
        },
        {
          "x": 0.2833278,
          "y": 0.69058233,
          "z": 0.0065224627
        },
        {
          "x": -0.11667221,
          "y": 0.79058236,
