{
  "field": "golden",
  "symmetry": "icosahedral",
  "orientations": [
    [
      1,
      0,
      0,
      0,
      0,
      1,
      0,
      0,
      0,
      0,
      1,
      0,
      0,
      0,
      0,
      1
    ],
    [
      0,
      0,
      1,
      0,
      1,
      0,
      0,
      0,
      0,
      1,
      0,
      0,
      0,
      0,
      0,
      1
    ],
    [
      0,
      1,
      0,
      0,
      0,
      0,
      1,
      0,
      1,
      0,
      0,
      0,
      0,
      0,
      0,
      1
    ],
    [
      0.809017,
      0.309017,
      0.5,
      0,
      0.309017,
      0.5,
      -0.809017,
      0,
      -0.5,
      0.809017,
      0.309017,
      0,
      0,
      0,
      0,
      1
    ],
    [
      -0.5,
      0.809017,
      0.309017,
      0,
      0.809017,
      0.309017,
      0.5,
      0,
      0.309017,
      0.5,
      -0.809017,
      0,
      0,
      0,
      0,
      1
    ],
    [
      0.309017,
      0.5,
      -0.809017,
      0,
      -0.5,
      0.809017,
      0.309017,
      0,
      0.809017,
      0.309017,
      0.5,
      0,
      0,
      0,
      0,
      1
    ],
    [
      0.5,
      0.809017,
      0.309017,
      0,
      0.809017,
      -0.309017,
      -0.5,
      0,
      -0.309017,
      0.5,
      -0.809017,
      0,
      0,
      0,
      0,
      1
    ],
    [
      -0.309017,
      0.5,
      -0.809017,
      0,
      0.5,
      0.809017,
      0.309017,
      0,
      0.809017,
      -0.309017,
      -0.5,
      0,
      0,
      0,
      0,
      1
    ],
    [
      0.809017,
      -0.309017,
      -0.5,
      0,
      -0.309017,
      0.5,
      -0.809017,
      0,
      0.5,
      0.809017,
      0.309017,
      0,
      0,
      0,
      0,
      1
    ],
    [
      0.5,
      0.809017,
      -0.309017,
      0,
      0.809017,
      -0.309017,
      0.5,
      0,
      0.309017,
      -0.5,
      -0.809017,
      0,
      0,
      0,
      0,
      1
    ],
    [
      0.309017,
      -0.5,
      -0.809017,
      0,
      0.5,
      0.809017,
      -0.309017,
      0,
      0.809017,
      -0.309017,
      0.5,
      0,
      0,
      0,
      0,
      1
    ],
    [
      0.809017,
      -0.309017,
      0.5,
      0,
      0.309017,
      -0.5,
      -0.809017,
      0,
      0.5,
      0.809017,
      -0.309017,
      0,
      0,
      0,
      0,
      1
    ],
    [
      0.809017,
      0.309017,
      -0.5,
      0,
      0.309017,
      0.5,
      0.809017,
      0,
      0.5,
      -0.809017,
      0.309017,
      0,
      0,
      0,
      0,
      1
    ],
    [
      0.5,
      -0.809017,
      0.309017,
      0,
      0.809017,
      0.309017,
      -0.5,
      0,
      0.309017,
      0.5,
      0.809017,
      0,
      0,
      0,
      0,
      1
    ],
    [
      0.309017,
      0.5,
      0.809017,
      0,
      0.5,
      -0.809017,
      0.309017,
      0,
      0.809017,
      0.309017,
      -0.5,
      0,
      0,
      0,
      0,
      1
    ],
    [
      1,
      0,
      0,
      0,
      0,
      -1,
      0,
      0,
      0,
      0,
      -1,
      0,
      0,
      0,
      0,
      1
    ],
    [
      0,
      0,
      1,
      0,
      -1,
      0,
      0,
      0,
      0,
      -1,
      0,
      0,
      0,
      0,
      0,
      1
    ],
    [
      0,
      1,
      0,
      0,
      0,
      0,
      -1,
      0,
      -1,
      0,
      0,
      0,
      0,
      0,
      0,
      1
    ],
    [
      0.809017,
      0.309017,
      0.5,
      0,
      -0.309017,
      -0.5,
      0.809017,
      0,
      0.5,
      -0.809017,
      -0.309017,
      0,
      0,
      0,
      0,
      1
    ],
    [
      -0.5,
      0.809017,
      0.309017,
      0,
      -0.809017,
      -0.309017,
      -0.5,
      0,
      -0.309017,
      -0.5,
      0.809017,
      0,
      0,
      0,
      0,
      1
    ],
    [
      0.309017,
      0.5,
      -0.809017,
      0,
      0.5,
      -0.809017,
      -0.309017,
      0,
      -0.809017,
      -0.309017,
      -0.5,
      0,
      0,
      0,
      0,
      1
    ],
    [
      0.5,
      0.809017,
      0.309017,
      0,
      -0.809017,
      0.309017,
      0.5,
      0,
      0.309017,
      -0.5,
      0.809017,
      0,
      0,
      0,
      0,
      1
    ],
    [
      -0.309017,
      0.5,
      -0.809017,
      0,
      -0.5,
      -0.809017,
      -0.309017,
      0,
      -0.809017,
      0.309017,
      0.5,
      0,
      0,
      0,
      0,
      1
    ],
    [
      0.809017,
      -0.309017,
      -0.5,
      0,
      0.309017,
      -0.5,
      0.809017,
      0,
      -0.5,
      -0.809017,
      -0.309017,
      0,
      0,
      0,
      0,
      1
    ],
    [
      0.5,
      0.809017,
      -0.309017,
      0,
      -0.809017,
      0.309017,
      -0.5,
      0,
      -0.309017,
      0.5,
      0.809017,
      0,
      0,
      0,
      0,
      1
    ],
    [
      0.309017,
      -0.5,
      -0.809017,
      0,
      -0.5,
      -0.809017,
      0.309017,
      0,
      -0.809017,
      0.309017,
      -0.5,
      0,
      0,
      0,
      0,
      1
    ],
    [
      0.809017,
      -0.309017,
      0.5,
      0,
      -0.309017,
      0.5,
      0.809017,
      0,
      -0.5,
      -0.809017,
      0.309017,
      0,
      0,
      0,
      0,
      1
    ],
    [
      0.809017,
      0.309017,
      -0.5,
      0,
      -0.309017,
      -0.5,
      -0.809017,
      0,
      -0.5,
      0.809017,
      -0.309017,
      0,
      0,
      0,
      0,
      1
    ],
    [
      0.5,
      -0.809017,
      0.309017,
      0,
      -0.809017,
      -0.309017,
      0.5,
      0,
      -0.309017,
      -0.5,
      -0.809017,
      0,
      0,
      0,
      0,
      1
    ],
    [
      0.309017,
      0.5,
      0.809017,
      0,
      -0.5,
      0.809017,
      -0.309017,
      0,
      -0.809017,
      -0.309017,
      0.5,
      0,
      0,
      0,
      0,
      1
    ],
    [
      -1,
      0,
      0,
      0,
      0,
      -1,
      0,
      0,
      0,
      0,
      1,
      0,
      0,
      0,
      0,
      1
    ],
    [
      0,
      0,
      -1,
      0,
      -1,
      0,
      0,
      0,
      0,
      1,
      0,
      0,
      0,
      0,
      0,
      1
    ],
    [
      0,
      -1,
      0,
      0,
      0,
      0,
      -1,
      0,
      1,
      0,
      0,
      0,
      0,
      0,
      0,
      1
    ],
    [
      -0.809017,
      -0.309017,
      -0.5,
      0,
      -0.309017,
      -0.5,
      0.809017,
      0,
      -0.5,
      0.809017,
      0.309017,
      0,
      0,
      0,
      0,
      1
    ],
    [
      0.5,
      -0.809017,
      -0.309017,
      0,
      -0.809017,
      -0.309017,
      -0.5,
      0,
      0.309017,
      0.5,
      -0.809017,
      0,
      0,
      0,
      0,
      1
    ],
    [
      -0.309017,
      -0.5,
      0.809017,
      0,
      0.5,
      -0.809017,
      -0.309017,
      0,
      0.809017,
      0.309017,
      0.5,
      0,
      0,
      0,
      0,
      1
    ],
    [
      -0.5,
      -0.809017,
      -0.309017,
      0,
      -0.809017,
      0.309017,
      0.5,
      0,
      -0.309017,
      0.5,
      -0.809017,
      0,
      0,
      0,
      0,
      1
    ],
    [
      0.309017,
      -0.5,
      0.809017,
      0,
      -0.5,
      -0.809017,
      -0.309017,
      0,
      0.809017,
      -0.309017,
      -0.5,
      0,
      0,
      0,
      0,
      1
    ],
    [
      -0.809017,
      0.309017,
      0.5,
      0,
      0.309017,
      -0.5,
      0.809017,
      0,
      0.5,
      0.809017,
      0.309017,
      0,
      0,
      0,
      0,
      1
    ],
    [
      -0.5,
      -0.809017,
      0.309017,
      0,
      -0.809017,
      0.309017,
      -0.5,
      0,
      0.309017,
      -0.5,
      -0.809017,
      0,
      0,
      0,
      0,
      1
    ],
    [
      -0.309017,
      0.5,
      0.809017,
      0,
      -0.5,
      -0.809017,
      0.309017,
      0,
      0.809017,
      -0.309017,
      0.5,
      0,
      0,
      0,
      0,
      1
    ],
    [
      -0.809017,
      0.309017,
      -0.5,
      0,
      -0.309017,
      0.5,
      0.809017,
      0,
      0.5,
      0.809017,
      -0.309017,
      0,
      0,
      0,
      0,
      1
    ],
    [
      -0.809017,
      -0.309017,
      0.5,
      0,
      -0.309017,
      -0.5,
      -0.809017,
      0,
      0.5,
      -0.809017,
      0.309017,
      0,
      0,
      0,
      0,
      1
    ],
    [
      -0.5,
      0.809017,
      -0.309017,
      0,
      -0.809017,
      -0.309017,
      0.5,
      0,
      0.309017,
      0.5,
      0.809017,
      0,
      0,
      0,
      0,
      1
    ],
    [
      -0.309017,
      -0.5,
      -0.809017,
      0,
      -0.5,
      0.809017,
      -0.309017,
      0,
      0.809017,
      0.309017,
      -0.5,
      0,
      0,
      0,
      0,
      1
    ],
    [
      -1,
      0,
      0,
      0,
      0,
      1,
      0,
      0,
      0,
      0,
      -1,
      0,
      0,
      0,
      0,
      1
    ],
    [
      0,
      0,
      -1,
      0,
      1,
      0,
      0,
      0,
      0,
      -1,
      0,
      0,
      0,
      0,
      0,
      1
    ],
    [
      0,
      -1,
      0,
      0,
      0,
      0,
      1,
      0,
      -1,
      0,
      0,
      0,
      0,
      0,
      0,
      1
    ],
    [
      -0.809017,
      -0.309017,
      -0.5,
      0,
      0.309017,
      0.5,
      -0.809017,
      0,
      0.5,
      -0.809017,
      -0.309017,
      0,
      0,
      0,
      0,
      1
    ],
    [
      0.5,
      -0.809017,
      -0.309017,
      0,
      0.809017,
      0.309017,
      0.5,
      0,
      -0.309017,
      -0.5,
      0.809017,
      0,
      0,
      0,
      0,
      1
    ],
    [
      -0.309017,
      -0.5,
      0.809017,
      0,
      -0.5,
      0.809017,
      0.309017,
      0,
      -0.809017,
      -0.309017,
      -0.5,
      0,
      0,
      0,
      0,
      1
    ],
    [
      -0.5,
      -0.809017,
      -0.309017,
      0,
      0.809017,
      -0.309017,
      -0.5,
      0,
      0.309017,
      -0.5,
      0.809017,
      0,
      0,
      0,
      0,
      1
    ],
    [
      0.309017,
      -0.5,
      0.809017,
      0,
      0.5,
      0.809017,
      0.309017,
      0,
      -0.809017,
      0.309017,
      0.5,
      0,
      0,
      0,
      0,
      1
    ],
    [
      -0.809017,
      0.309017,
      0.5,
      0,
      -0.309017,
      0.5,
      -0.809017,
      0,
      -0.5,
      -0.809017,
      -0.309017,
      0,
      0,
      0,
      0,
      1
    ],
    [
      -0.5,
      -0.809017,
      0.309017,
      0,
      0.809017,
      -0.309017,
      0.5,
      0,
      -0.309017,
      0.5,
      0.809017,
      0,
      0,
      0,
      0,
      1
    ],
    [
      -0.309017,
      0.5,
      0.809017,
      0,
      0.5,
      0.809017,
      -0.309017,
      0,
      -0.809017,
      0.309017,
      -0.5,
      0,
      0,
      0,
      0,
      1
    ],
    [
      -0.809017,
      0.309017,
      -0.5,
      0,
      0.309017,
      -0.5,
      -0.809017,
      0,
      -0.5,
      -0.809017,
      0.309017,
      0,
      0,
      0,
      0,
      1
    ],
    [
      -0.809017,
      -0.309017,
      0.5,
      0,
      0.309017,
      0.5,
      0.809017,
      0,
      -0.5,
      0.809017,
      -0.309017,
      0,
      0,
      0,
      0,
      1
    ],
    [
      -0.5,
      0.809017,
      -0.309017,
      0,
      0.809017,
      0.309017,
      -0.5,
      0,
      -0.309017,
      -0.5,
      -0.809017,
      0,
      0,
      0,
      0,
      1
    ],
    [
      -0.309017,
      -0.5,
      -0.809017,
      0,
      0.5,
      -0.809017,
      0.309017,
      0,
      -0.809017,
      -0.309017,
      0.5,
      0,
      0,
      0,
      0,
      1
    ]
  ],
  "lights": {
    "directionalLights": [
      {
        "direction": [
          1,
          -1,
          -1
        ],
        "color": "#EBEBE4"
      },
      {
        "direction": [
          -1,
          0,
          0
        ],
        "color": "#E4E4EB"
      },
      {
        "direction": [
          0,
          0,
          -1
        ],
        "color": "#1E1E1E"
      }
    ],
    "ambientColor": "#292929",
    "backgroundColor": "#AFC8DC"
  },
  "camera": {
    "position": {
      "x": 0,
      "y": 0,
      "z": 10
    },
    "width": 4.5,
    "viewDistance": 10,
    "farClipDistance": 20,
    "perspective": true,
    "fieldOfView": 4.4,
    "lookAtPoint": {
      "x": 0,
      "y": 0,
      "z": 0
    },
    "nearClipDistance": 0.025,
    "lookDirection": {
      "x": 0,
      "y": 0,
      "z": -1
    },
    "stereo": false,
    "upDirection": {
      "x": 0,
      "y": 1,
      "z": 0
    }
  },
  "embedding": [
    1,
    0,
    0,
    0,
    0,
    1,
    0,
    0,
    0,
    0,
    1,
    0,
    0,
    0,
    0,
    1
  ],
  "shapes": [
    {
      "id": "bca6230b-8541-4aeb-8c53-2cf41933407a",
      "vertices": [
        {
          "x": -2.37412459,
          "y": 3.236068041,
          "z": 3.841414568
        },
        {
          "x": -3.992159083,
          "y": 2.618034041,
          "z": 2.841414548
        },
        {
          "x": -4.992158631,
          "y": 1.00000002,
          "z": 2.223380548
        },
        {
          "x": -4.992158631,
          "y": -1.00000002,
          "z": 2.223380548
        },
        {
          "x": -3.992159083,
          "y": -2.618034041,
          "z": 2.841414548
        },
        {
          "x": -2.37412459,
          "y": -3.236068041,
          "z": 3.841414568
        },
        {
          "x": -0.756090758,
          "y": -2.618034041,
          "z": 4.841414352
        },
        {
          "x": 0.243909262,
          "y": -1.00000002,
          "z": 5.459448589
        },
        {
          "x": 0.243909262,
          "y": 1.00000002,
          "z": 5.459448589
        },
        {
          "x": -0.756090758,
          "y": 2.618034041,
          "z": 4.841414352
        }
      ],
      "faces": [
        {
          "vertices": [
            0,
            1,
            2
          ]
        },
        {
          "vertices": [
            0,
            2,
            3
          ]
        },
        {
          "vertices": [
            0,
            3,
            4
          ]
        },
        {
          "vertices": [
            0,
            4,
            5
          ]
        },
        {
          "vertices": [
            0,
            5,
            6
          ]
        },
        {
          "vertices": [
            0,
            6,
            7
          ]
        },
        {
          "vertices": [
            0,
            7,
            8
          ]
        },
        {
          "vertices": [
            0,
            8,
            9
          ]
        },
        {
          "vertices": [
            0,
            9,
            8
          ]
        },
        {
          "vertices": [
            0,
            8,
            7
          ]
        },
        {
          "vertices": [
            0,
            7,
            6
          ]
        },
        {
          "vertices": [
            0,
            6,
            5
          ]
        },
        {
          "vertices": [
            0,
            5,
            4
          ]
        },
        {
          "vertices": [
            0,
            4,
            3
          ]
        },
        {
          "vertices": [
            0,
            3,
            2
          ]
        },
        {
          "vertices": [
            0,
            2,
            1
          ]
        }
      ]
    },
    {
      "id": "2ac848f5-7a43-448a-a295-e520b5fac9ed",
      "vertices": [
        {
          "x": -4.992158631,
          "y": 1.00000002,
          "z": -3.012687534
        },
        {
          "x": -4.992158631,
          "y": -1.00000002,
          "z": -3.012687534
        },
        {
          "x": -5.610192867,
          "y": 0,
          "z": -1.394653513
        }
      ],
      "faces": [
        {
          "vertices": [
            0,
            1,
            2
          ]
        },
        {
          "vertices": [
            0,
            2,
            1
          ]
        }
      ]
    },
    {
      "id": "a690fb88-0b4f-435f-92b8-3b153c3d2016",
      "vertices": [
        {
          "x": -0.756090758,
          "y": 2.618034041,
          "z": 4.841414352
        },
        {
          "x": 1.243909282,
          "y": 2.618034041,
          "z": 4.841414352
        },
        {
          "x": 2.861943256,
          "y": 3.236068041,
          "z": 3.841414568
        },
        {
          "x": 3.479977256,
          "y": 4.236067825,
          "z": 2.223380548
        },
        {
          "x": 2.861943256,
          "y": 5.236068082,
          "z": 0.605346527
        },
        {
          "x": 1.243909282,
          "y": 5.854102082,
          "z": -0.39465347
        },
        {
          "x": -0.756090758,
          "y": 5.854102082,
          "z": -0.39465347
        },
        {
          "x": -2.37412459,
          "y": 5.236068082,
          "z": 0.605346527
        },
        {
          "x": -2.992158826,
          "y": 4.236067825,
          "z": 2.223380548
        },
        {
          "x": -2.37412459,
          "y": 3.236068041,
          "z": 3.841414568
        }
      ],
      "faces": [
        {
          "vertices": [
            0,
            1,
            2
          ]
        },
        {
          "vertices": [
            0,
            2,
            3
          ]
        },
        {
          "vertices": [
            0,
            3,
            4
          ]
        },
        {
          "vertices": [
            0,
            4,
            5
          ]
        },
        {
          "vertices": [
            0,
            5,
            6
          ]
        },
        {
          "vertices": [
            0,
            6,
            7
          ]
        },
        {
          "vertices": [
            0,
            7,
            8
          ]
        },
        {
          "vertices": [
            0,
            8,
            9
          ]
        },
        {
          "vertices": [
            0,
            9,
            8
          ]
        },
        {
          "vertices": [
            0,
            8,
            7
          ]
        },
        {
          "vertices": [
            0,
            7,
            6
          ]
        },
        {
          "vertices": [
            0,
            6,
            5
          ]
        },
        {
          "vertices": [
            0,
            5,
            4
          ]
        },
        {
          "vertices": [
            0,
            4,
            3
          ]
        },
        {
          "vertices": [
            0,
            3,
            2
          ]
        },
        {
          "vertices": [
            0,
            2,
            1
          ]
        }
      ]
    },
    {
      "id": "cfe05ff2-aa3d-4b6e-b510-d01f1cd71750",
      "vertices": [
        {
          "x": -3.992159083,
          "y": -2.618034041,
          "z": 2.841414548
        },
        {
          "x": -2.992158826,
          "y": -4.236067825,
          "z": 2.223380548
        },
        {
          "x": -2.37412459,
          "y": -3.236068041,
          "z": 3.841414568
        }
      ],
      "faces": [
        {
          "vertices": [
            0,
            1,
            2
          ]
        },
        {
          "vertices": [
            0,
            2,
            1
          ]
        }
      ]
    },
    {
      "id": "54851508-12fd-469d-bd24-fe8477953985",
      "vertices": [
        {
          "x": 0.243909262,
          "y": -1.00000002,
          "z": 5.459448589
        },
        {
          "x": -1.479697546,
          "y": 0,
          "z": 5.630269269
        },
        {
          "x": -2.479697732,
          "y": -1.618034021,
          "z": 5.012235032
        },
        {
          "x": -0.756090758,
          "y": -2.618034041,
          "z": 4.841414352
        }
      ],
      "faces": [
        {
          "vertices": [
            0,
            1,
            2
          ]
        },
        {
          "vertices": [
            0,
            2,
            3
          ]
        },
        {
          "vertices": [
            0,
            3,
            2
          ]
        },
        {
          "vertices": [
            0,
            2,
            1
          ]
        }
      ]
    },
    {
      "id": "d1b85e4e-9385-4c16-b4b1-3c753c07d0d1",
      "vertices": [
        {
          "x": 6.098011297,
          "y": 0,
          "z": -1.394653513
        },
        {
          "x": 5.479977297,
          "y": 1.00000002,
          "z": -3.012687534
        },
        {
          "x": 5.479977297,
          "y": -1.00000002,
          "z": -3.012687534
        }
      ],
      "faces": [
        {
          "vertices": [
            0,
            1,
            2
          ]
        },
        {
          "vertices": [
            0,
            2,
            1
          ]
        }
      ]
    },
    {
      "id": "8b15964f-dbd3-4e06-83e8-dc9774548738",
      "vertices": [
        {
          "x": -3.992159083,
          "y": -2.618034041,
          "z": -3.630721535
        },
        {
          "x": -2.37412459,
          "y": -3.236068041,
          "z": -4.630721319
        },
        {
          "x": -2.992158826,
          "y": -4.236067825,
          "z": -3.012687534
        }
      ],
      "faces": [
        {
          "vertices": [
            0,
            1,
            2
          ]
        },
        {
          "vertices": [
            0,
            2,
            1
          ]
        }
      ]
    },
    {
      "id": "08c2db5e-e539-41bb-ab6a-39ee54f7991f",
      "vertices": [
        {
          "x": -2.37412459,
          "y": -5.236068082,
          "z": -1.394653513
        },
        {
          "x": -0.756090758,
          "y": -5.854102082,
          "z": -0.39465347
        },
        {
          "x": -2.37412459,
          "y": -5.236068082,
          "z": 0.605346527
        }
      ],
      "faces": [
        {
          "vertices": [
            0,
            1,
            2
          ]
        },
        {
          "vertices": [
            0,
            2,
            1
          ]
        }
      ]
    },
    {
      "id": "8e612f0a-2494-429d-a599-0d3d4e871de8",
      "vertices": [
        {
          "x": 4.479977277,
          "y": -2.618034041,
          "z": -3.630721535
        },
        {
          "x": 3.479977256,
          "y": -4.236067825,
          "z": -3.012687534
        },
        {
          "x": 2.861943256,
          "y": -3.236068041,
          "z": -4.630721319
        }
      ],
      "faces": [
        {
          "vertices": [
            0,
            1,
            2
          ]
        },
        {
          "vertices": [
            0,
            2,
            1
          ]
        }
      ]
    },
    {
      "id": "c5ecc636-7205-4b83-9ef4-fe4c248f33f1",
      "vertices": [
        {
          "x": -4.097731516,
          "y": -1.00000002,
          "z": 4.012235012
        },
        {
          "x": -2.479697732,
          "y": -1.618034021,
          "z": 5.012235032
        },
        {
          "x": -1.479697546,
          "y": 0,
          "z": 5.630269269
        },
        {
          "x": -2.479697732,
          "y": 1.618034021,
          "z": 5.012235032
        },
        {
          "x": -4.097731516,
          "y": 1.00000002,
          "z": 4.012235012
        }
      ],
      "faces": [
        {
          "vertices": [
            0,
            1,
            2
          ]
        },
        {
          "vertices": [
            0,
            2,
            3
          ]
        },
        {
          "vertices": [
            0,
            3,
            4
          ]
        },
        {
          "vertices": [
            0,
            4,
            3
          ]
        },
        {
          "vertices": [
            0,
            3,
            2
          ]
        },
        {
          "vertices": [
            0,
            2,
            1
          ]
        }
      ]
    },
    {
      "id": "52793374-01c8-4182-a7ed-2ecabb9df8c9",
      "vertices": [
        {
          "x": 1.243909282,
          "y": 2.618034041,
          "z": -5.630721811
        },
        {
          "x": -0.756090758,
          "y": 2.618034041,
          "z": -5.630721811
        },
        {
          "x": 0.243909262,
          "y": 1.00000002,
          "z": -6.248755339
        }
      ],
      "faces": [
        {
          "vertices": [
            0,
            1,
            2
          ]
        },
        {
          "vertices": [
            0,
            2,
            1
          ]
        }
      ]
    },
    {
      "id": "b6575636-c874-4978-9889-9ff51ae5403d",
      "vertices": [
        {
          "x": 2.861943256,
          "y": 5.236068082,
          "z": 0.605346527
        },
        {
          "x": 2.861943256,
          "y": 5.236068082,
          "z": -1.394653513
        },
        {
          "x": 1.243909282,
          "y": 5.854102082,
          "z": -0.39465347
        }
      ],
      "faces": [
        {
          "vertices": [
            0,
            1,
            2
          ]
        },
        {
          "vertices": [
            0,
            2,
            1
          ]
        }
      ]
    },
    {
      "id": "7b51603b-efd5-4fd7-bc18-54e6e0ae18ef",
      "vertices": [
        {
          "x": 2.861943256,
          "y": -5.236068082,
          "z": -1.394653513
        },
        {
          "x": 2.861943256,
          "y": -5.236068082,
          "z": 0.605346527
        },
        {
          "x": 1.243909282,
          "y": -5.854102082,
          "z": -0.39465347
        }
      ],
      "faces": [
        {
          "vertices": [
            0,
            1,
            2
          ]
        },
        {
          "vertices": [
            0,
            2,
            1
          ]
        }
      ]
    },
    {
      "id": "7c5d2018-7f0d-4421-a4ea-6798a4740093",
      "vertices": [
        {
          "x": 2.861943256,
          "y": 3.236068041,
          "z": -4.630721319
        },
        {
          "x": 1.243909282,
          "y": 2.618034041,
          "z": -5.630721811
        },
        {
          "x": -0.756090758,
          "y": 2.618034041,
          "z": -5.630721811
        },
        {
          "x": -2.37412459,
          "y": 3.236068041,
          "z": -4.630721319
        },
        {
          "x": -2.992158826,
          "y": 4.236067825,
          "z": -3.012687534
        },
        {
          "x": -2.37412459,
          "y": 5.236068082,
          "z": -1.394653513
        },
        {
          "x": -0.756090758,
          "y": 5.854102082,
          "z": -0.39465347
        },
        {
          "x": 1.243909282,
          "y": 5.854102082,
          "z": -0.39465347
        },
        {
          "x": 2.861943256,
          "y": 5.236068082,
          "z": -1.394653513
        },
        {
          "x": 3.479977256,
          "y": 4.236067825,
          "z": -3.012687534
        }
      ],
      "faces": [
        {
          "vertices": [
            0,
            1,
            2
          ]
        },
        {
          "vertices": [
            0,
            2,
            3
          ]
        },
        {
          "vertices": [
            0,
            3,
            4
          ]
        },
        {
          "vertices": [
            0,
            4,
            5
          ]
        },
        {
          "vertices": [
            0,
            5,
            6
          ]
        },
        {
          "vertices": [
            0,
            6,
            7
          ]
        },
        {
          "vertices": [
            0,
            7,
            8
          ]
        },
        {
          "vertices": [
            0,
            8,
            9
          ]
        },
        {
          "vertices": [
            0,
            9,
            8
          ]
        },
        {
          "vertices": [
            0,
            8,
            7
          ]
        },
        {
          "vertices": [
            0,
            7,
            6
          ]
        },
        {
          "vertices": [
            0,
            6,
            5
          ]
        },
        {
          "vertices": [
            0,
            5,
            4
          ]
        },
        {
          "vertices": [
            0,
            4,
            3
          ]
        },
        {
          "vertices": [
            0,
            3,
            2
          ]
        },
        {
          "vertices": [
            0,
            2,
            1
          ]
        }
      ]
    },
    {
      "id": "a7fb6b1d-18aa-4115-a369-1c19434f1819",
      "vertices": [
        {
          "x": -0.756090758,
          "y": 2.618034041,
          "z": 4.841414352
        },
        {
          "x": -2.479697732,
          "y": 1.618034021,
          "z": 5.012235032
        },
        {
          "x": -1.479697546,
          "y": 0,
          "z": 5.630269269
        },
        {
          "x": 0.243909262,
          "y": 1.00000002,
          "z": 5.459448589
        }
      ],
      "faces": [
        {
          "vertices": [
            0,
            1,
            2
          ]
        },
        {
          "vertices": [
            0,
            2,
            3
          ]
        },
        {
          "vertices": [
            0,
            3,
            2
          ]
        },
        {
          "vertices": [
            0,
            2,
            1
          ]
        }
      ]
    },
    {
      "id": "dfd9a257-01c9-4bfc-9e2f-98c9b797d2ad",
      "vertices": [
        {
          "x": 5.479977297,
          "y": -1.00000002,
          "z": 2.223380548
        },
        {
          "x": 6.098011297,
          "y": 0,
          "z": 0.605346527
        },
        {
          "x": 5.479977297,
          "y": 1.00000002,
          "z": 2.223380548
        }
      ],
      "faces": [
        {
          "vertices": [
            0,
            1,
            2
          ]
        },
        {
          "vertices": [
            0,
            2,
            1
          ]
        }
      ]
    },
    {
      "id": "af31d200-6d11-49cb-b5ce-084a662113a5",
      "vertices": [
        {
          "x": 0.243909262,
          "y": -1.00000002,
          "z": -6.248755339
        },
        {
          "x": -0.756090758,
          "y": -2.618034041,
          "z": -5.630721811
        },
        {
          "x": 1.243909282,
          "y": -2.618034041,
          "z": -5.630721811
        }
      ],
      "faces": [
        {
          "vertices": [
            0,
            1,
            2
          ]
        },
        {
          "vertices": [
            0,
            2,
            1
          ]
        }
      ]
    },
    {
      "id": "eebee7a6-caf4-44a9-93bc-31e828f7bcac",
      "vertices": [
        {
          "x": 2.861943256,
          "y": 3.236068041,
          "z": -4.630721319
        },
        {
          "x": 4.479977277,
          "y": 2.618034041,
          "z": -3.630721535
        },
        {
          "x": 5.479977297,
          "y": 1.00000002,
          "z": -3.012687534
        },
        {
          "x": 5.479977297,
          "y": -1.00000002,
          "z": -3.012687534
        },
        {
          "x": 4.479977277,
          "y": -2.618034041,
          "z": -3.630721535
        },
        {
          "x": 2.861943256,
          "y": -3.236068041,
          "z": -4.630721319
        },
        {
          "x": 1.243909282,
          "y": -2.618034041,
          "z": -5.630721811
        },
        {
          "x": 0.243909262,
          "y": -1.00000002,
          "z": -6.248755339
        },
        {
          "x": 0.243909262,
          "y": 1.00000002,
          "z": -6.248755339
        },
        {
          "x": 1.243909282,
          "y": 2.618034041,
          "z": -5.630721811
        }
      ],
      "faces": [
        {
          "vertices": [
            0,
            1,
            2
          ]
        },
        {
          "vertices": [
            0,
            2,
            3
          ]
        },
        {
          "vertices": [
            0,
            3,
            4
          ]
        },
        {
          "vertices": [
            0,
            4,
            5
          ]
        },
        {
          "vertices": [
            0,
            5,
            6
          ]
        },
        {
          "vertices": [
            0,
            6,
            7
          ]
        },
        {
          "vertices": [
            0,
            7,
            8
          ]
        },
        {
          "vertices": [
            0,
            8,
            9
          ]
        },
        {
          "vertices": [
            0,
            9,
            8
          ]
        },
        {
          "vertices": [
            0,
            8,
            7
          ]
        },
        {
          "vertices": [
            0,
            7,
            6
          ]
        },
        {
          "vertices": [
            0,
            6,
            5
          ]
        },
        {
          "vertices": [
            0,
            5,
            4
          ]
        },
        {
          "vertices": [
            0,
            4,
            3
          ]
        },
        {
          "vertices": [
            0,
            3,
            2
          ]
        },
        {
          "vertices": [
            0,
            2,
            1
          ]
        }
      ]
    },
    {
      "id": "0228fb9d-6dc5-462f-97a6-ddfbb86d6299",
      "vertices": [
        {
          "x": 1.243909282,
          "y": 2.618034041,
          "z": 4.841414352
        },
        {
          "x": -0.756090758,
          "y": 2.618034041,
          "z": 4.841414352
        },
        {
          "x": 0.243909262,
          "y": 1.00000002,
          "z": 5.459448589
        }
      ],
      "faces": [
        {
          "vertices": [
            0,
            1,
            2
          ]
        },
        {
          "vertices": [
            0,
            2,
            1
          ]
        }
      ]
    },
    {
      "id": "d949fbc9-91ec-499d-865e-d07271fa5b52",
      "vertices": [
        {
          "x": 1.243909282,
          "y": -2.618034041,
          "z": 4.841414352
        },
        {
          "x": 0.243909262,
          "y": -1.00000002,
          "z": 5.459448589
        },
        {
          "x": -0.756090758,
          "y": -2.618034041,
          "z": 4.841414352
        }
      ],
      "faces": [
        {
          "vertices": [
            0,
            1,
            2
          ]
        },
        {
          "vertices": [
            0,
            2,
            1
          ]
        }
      ]
    },
    {
      "id": "83672f65-3327-42ee-b4e4-d33f67d84a8a",
      "vertices": [
        {
          "x": -2.37412459,
          "y": -3.236068041,
          "z": 3.841414568
        },
        {
          "x": -2.479697732,
          "y": -1.618034021,
          "z": 5.012235032
        },
        {
          "x": -4.097731516,
          "y": -1.00000002,
          "z": 4.012235012
        },
        {
          "x": -3.992159083,
          "y": -2.618034041,
          "z": 2.841414548
        }
      ],
      "faces": [
        {
          "vertices": [
            0,
            1,
            2
          ]
        },
        {
          "vertices": [
            0,
            2,
            3
          ]
        },
        {
          "vertices": [
            0,
            3,
            2
          ]
        },
        {
          "vertices": [
            0,
            2,
            1
          ]
        }
      ]
    },
    {
      "id": "31d05b48-c297-4054-967e-86078cb5a8cb",
      "vertices": [
        {
          "x": -3.992159083,
          "y": -2.618034041,
          "z": -3.630721535
        },
        {
          "x": -4.992158631,
          "y": -1.00000002,
          "z": -3.012687534
        },
        {
          "x": -4.992158631,
          "y": 1.00000002,
          "z": -3.012687534
        },
        {
          "x": -3.992159083,
          "y": 2.618034041,
          "z": -3.630721535
        },
        {
          "x": -2.37412459,
          "y": 3.236068041,
          "z": -4.630721319
        },
        {
          "x": -0.756090758,
          "y": 2.618034041,
          "z": -5.630721811
        },
        {
          "x": 0.243909262,
          "y": 1.00000002,
          "z": -6.248755339
        },
        {
          "x": 0.243909262,
          "y": -1.00000002,
          "z": -6.248755339
        },
        {
          "x": -0.756090758,
          "y": -2.618034041,
          "z": -5.630721811
        },
        {
          "x": -2.37412459,
          "y": -3.236068041,
          "z": -4.630721319
        }
      ],
      "faces": [
        {
          "vertices": [
            0,
            1,
            2
          ]
        },
        {
          "vertices": [
            0,
            2,
            3
          ]
        },
        {
          "vertices": [
            0,
            3,
            4
          ]
        },
        {
          "vertices": [
            0,
            4,
            5
          ]
        },
        {
          "vertices": [
            0,
            5,
            6
          ]
        },
        {
          "vertices": [
            0,
            6,
            7
          ]
        },
        {
          "vertices": [
            0,
            7,
            8
          ]
        },
        {
          "vertices": [
            0,
            8,
            9
          ]
        },
        {
          "vertices": [
            0,
            9,
            8
          ]
        },
        {
          "vertices": [
            0,
            8,
            7
          ]
        },
        {
          "vertices": [
            0,
            7,
            6
          ]
        },
        {
          "vertices": [
            0,
            6,
            5
          ]
        },
        {
          "vertices": [
            0,
            5,
            4
          ]
        },
        {
          "vertices": [
            0,
            4,
            3
          ]
        },
        {
          "vertices": [
            0,
            3,
            2
          ]
        },
        {
          "vertices": [
            0,
            2,
            1
          ]
        }
      ]
    },
    {
      "id": "cb8b1c23-e2a0-47f2-b6dd-d3f0309c8395",
      "vertices": [
        {
          "x": -4.992158631,
          "y": 1.00000002,
          "z": -3.012687534
        },
        {
          "x": -5.610192867,
          "y": 0,
          "z": -1.394653513
        },
        {
          "x": -5.610192867,
          "y": 0,
          "z": 0.605346527
        },
        {
          "x": -4.992158631,
          "y": 1.00000002,
          "z": 2.223380548
        },
        {
          "x": -3.992159083,
          "y": 2.618034041,
          "z": 2.841414548
        },
        {
          "x": -2.992158826,
          "y": 4.236067825,
          "z": 2.223380548
        },
        {
          "x": -2.37412459,
          "y": 5.236068082,
