{
  "field": "golden",
  "symmetry": "icosahedral",
  "orientations": [
    [
      1,
      0,
      0,
      0,
      0,
      1,
      0,
      0,
      0,
      0,
      1,
      0,
      0,
      0,
      0,
      1
    ],
    [
      0,
      0,
      1,
      0,
      1,
      0,
      0,
      0,
      0,
      1,
      0,
      0,
      0,
      0,
      0,
      1
    ],
    [
      0,
      1,
      0,
      0,
      0,
      0,
      1,
      0,
      1,
      0,
      0,
      0,
      0,
      0,
      0,
      1
    ],
    [
      0.809017,
      0.309017,
      0.5,
      0,
      0.309017,
      0.5,
      -0.809017,
      0,
      -0.5,
      0.809017,
      0.309017,
      0,
      0,
      0,
      0,
      1
    ],
    [
      -0.5,
      0.809017,
      0.309017,
      0,
      0.809017,
      0.309017,
      0.5,
      0,
      0.309017,
      0.5,
      -0.809017,
      0,
      0,
      0,
      0,
      1
    ],
    [
      0.309017,
      0.5,
      -0.809017,
      0,
      -0.5,
      0.809017,
      0.309017,
      0,
      0.809017,
      0.309017,
      0.5,
      0,
      0,
      0,
      0,
      1
    ],
    [
      0.5,
      0.809017,
      0.309017,
      0,
      0.809017,
      -0.309017,
      -0.5,
      0,
      -0.309017,
      0.5,
      -0.809017,
      0,
      0,
      0,
      0,
      1
    ],
    [
      -0.309017,
      0.5,
      -0.809017,
      0,
      0.5,
      0.809017,
      0.309017,
      0,
      0.809017,
      -0.309017,
      -0.5,
      0,
      0,
      0,
      0,
      1
    ],
    [
      0.809017,
      -0.309017,
      -0.5,
      0,
      -0.309017,
      0.5,
      -0.809017,
      0,
      0.5,
      0.809017,
      0.309017,
      0,
      0,
      0,
      0,
      1
    ],
    [
      0.5,
      0.809017,
      -0.309017,
      0,
      0.809017,
      -0.309017,
      0.5,
      0,
      0.309017,
      -0.5,
      -0.809017,
      0,
      0,
      0,
      0,
      1
    ],
    [
      0.309017,
      -0.5,
      -0.809017,
      0,
      0.5,
      0.809017,
      -0.309017,
      0,
      0.809017,
      -0.309017,
      0.5,
      0,
      0,
      0,
      0,
      1
    ],
    [
      0.809017,
      -0.309017,
      0.5,
      0,
      0.309017,
      -0.5,
      -0.809017,
      0,
      0.5,
      0.809017,
      -0.309017,
      0,
      0,
      0,
      0,
      1
    ],
    [
      0.809017,
      0.309017,
      -0.5,
      0,
      0.309017,
      0.5,
      0.809017,
      0,
      0.5,
      -0.809017,
      0.309017,
      0,
      0,
      0,
      0,
      1
    ],
    [
      0.5,
      -0.809017,
      0.309017,
      0,
      0.809017,
      0.309017,
      -0.5,
      0,
      0.309017,
      0.5,
      0.809017,
      0,
      0,
      0,
      0,
      1
    ],
    [
      0.309017,
      0.5,
      0.809017,
      0,
      0.5,
      -0.809017,
      0.309017,
      0,
      0.809017,
      0.309017,
      -0.5,
      0,
      0,
      0,
      0,
      1
    ],
    [
      1,
      0,
      0,
      0,
      0,
      -1,
      0,
      0,
      0,
      0,
      -1,
      0,
      0,
      0,
      0,
      1
    ],
    [
      0,
      0,
      1,
      0,
      -1,
      0,
      0,
      0,
      0,
      -1,
      0,
      0,
      0,
      0,
      0,
      1
    ],
    [
      0,
      1,
      0,
      0,
      0,
      0,
      -1,
      0,
      -1,
      0,
      0,
      0,
      0,
      0,
      0,
      1
    ],
    [
      0.809017,
      0.309017,
      0.5,
      0,
      -0.309017,
      -0.5,
      0.809017,
      0,
      0.5,
      -0.809017,
      -0.309017,
      0,
      0,
      0,
      0,
      1
    ],
    [
      -0.5,
      0.809017,
      0.309017,
      0,
      -0.809017,
      -0.309017,
      -0.5,
      0,
      -0.309017,
      -0.5,
      0.809017,
      0,
      0,
      0,
      0,
      1
    ],
    [
      0.309017,
      0.5,
      -0.809017,
      0,
      0.5,
      -0.809017,
      -0.309017,
      0,
      -0.809017,
      -0.309017,
      -0.5,
      0,
      0,
      0,
      0,
      1
    ],
    [
      0.5,
      0.809017,
      0.309017,
      0,
      -0.809017,
      0.309017,
      0.5,
      0,
      0.309017,
      -0.5,
      0.809017,
      0,
      0,
      0,
      0,
      1
    ],
    [
      -0.309017,
      0.5,
      -0.809017,
      0,
      -0.5,
      -0.809017,
      -0.309017,
      0,
      -0.809017,
      0.309017,
      0.5,
      0,
      0,
      0,
      0,
      1
    ],
    [
      0.809017,
      -0.309017,
      -0.5,
      0,
      0.309017,
      -0.5,
      0.809017,
      0,
      -0.5,
      -0.809017,
      -0.309017,
      0,
      0,
      0,
      0,
      1
    ],
    [
      0.5,
      0.809017,
      -0.309017,
      0,
      -0.809017,
      0.309017,
      -0.5,
      0,
      -0.309017,
      0.5,
      0.809017,
      0,
      0,
      0,
      0,
      1
    ],
    [
      0.309017,
      -0.5,
      -0.809017,
      0,
      -0.5,
      -0.809017,
      0.309017,
      0,
      -0.809017,
      0.309017,
      -0.5,
      0,
      0,
      0,
      0,
      1
    ],
    [
      0.809017,
      -0.309017,
      0.5,
      0,
      -0.309017,
      0.5,
      0.809017,
      0,
      -0.5,
      -0.809017,
      0.309017,
      0,
      0,
      0,
      0,
      1
    ],
    [
      0.809017,
      0.309017,
      -0.5,
      0,
      -0.309017,
      -0.5,
      -0.809017,
      0,
      -0.5,
      0.809017,
      -0.309017,
      0,
      0,
      0,
      0,
      1
    ],
    [
      0.5,
      -0.809017,
      0.309017,
      0,
      -0.809017,
      -0.309017,
      0.5,
      0,
      -0.309017,
      -0.5,
      -0.809017,
      0,
      0,
      0,
      0,
      1
    ],
    [
      0.309017,
      0.5,
      0.809017,
      0,
      -0.5,
      0.809017,
      -0.309017,
      0,
      -0.809017,
      -0.309017,
      0.5,
      0,
      0,
      0,
      0,
      1
    ],
    [
      -1,
      0,
      0,
      0,
      0,
      -1,
      0,
      0,
      0,
      0,
      1,
      0,
      0,
      0,
      0,
      1
    ],
    [
      0,
      0,
      -1,
      0,
      -1,
      0,
      0,
      0,
      0,
      1,
      0,
      0,
      0,
      0,
      0,
      1
    ],
    [
      0,
      -1,
      0,
      0,
      0,
      0,
      -1,
      0,
      1,
      0,
      0,
      0,
      0,
      0,
      0,
      1
    ],
    [
      -0.809017,
      -0.309017,
      -0.5,
      0,
      -0.309017,
      -0.5,
      0.809017,
      0,
      -0.5,
      0.809017,
      0.309017,
      0,
      0,
      0,
      0,
      1
    ],
    [
      0.5,
      -0.809017,
      -0.309017,
      0,
      -0.809017,
      -0.309017,
      -0.5,
      0,
      0.309017,
      0.5,
      -0.809017,
      0,
      0,
      0,
      0,
      1
    ],
    [
      -0.309017,
      -0.5,
      0.809017,
      0,
      0.5,
      -0.809017,
      -0.309017,
      0,
      0.809017,
      0.309017,
      0.5,
      0,
      0,
      0,
      0,
      1
    ],
    [
      -0.5,
      -0.809017,
      -0.309017,
      0,
      -0.809017,
      0.309017,
      0.5,
      0,
      -0.309017,
      0.5,
      -0.809017,
      0,
      0,
      0,
      0,
      1
    ],
    [
      0.309017,
      -0.5,
      0.809017,
      0,
      -0.5,
      -0.809017,
      -0.309017,
      0,
      0.809017,
      -0.309017,
      -0.5,
      0,
      0,
      0,
      0,
      1
    ],
    [
      -0.809017,
      0.309017,
      0.5,
      0,
      0.309017,
      -0.5,
      0.809017,
      0,
      0.5,
      0.809017,
      0.309017,
      0,
      0,
      0,
      0,
      1
    ],
    [
      -0.5,
      -0.809017,
      0.309017,
      0,
      -0.809017,
      0.309017,
      -0.5,
      0,
      0.309017,
      -0.5,
      -0.809017,
      0,
      0,
      0,
      0,
      1
    ],
    [
      -0.309017,
      0.5,
      0.809017,
      0,
      -0.5,
      -0.809017,
      0.309017,
      0,
      0.809017,
      -0.309017,
      0.5,
      0,
      0,
      0,
      0,
      1
    ],
    [
      -0.809017,
      0.309017,
      -0.5,
      0,
      -0.309017,
      0.5,
      0.809017,
      0,
      0.5,
      0.809017,
      -0.309017,
      0,
      0,
      0,
      0,
      1
    ],
    [
      -0.809017,
      -0.309017,
      0.5,
      0,
      -0.309017,
      -0.5,
      -0.809017,
      0,
      0.5,
      -0.809017,
      0.309017,
      0,
      0,
      0,
      0,
      1
    ],
    [
      -0.5,
      0.809017,
      -0.309017,
      0,
      -0.809017,
      -0.309017,
      0.5,
      0,
      0.309017,
      0.5,
      0.809017,
      0,
      0,
      0,
      0,
      1
    ],
    [
      -0.309017,
      -0.5,
      -0.809017,
      0,
      -0.5,
      0.809017,
      -0.309017,
      0,
      0.809017,
      0.309017,
      -0.5,
      0,
      0,
      0,
      0,
      1
    ],
    [
      -1,
      0,
      0,
      0,
      0,
      1,
      0,
      0,
      0,
      0,
      -1,
      0,
      0,
      0,
      0,
      1
    ],
    [
      0,
      0,
      -1,
      0,
      1,
      0,
      0,
      0,
      0,
      -1,
      0,
      0,
      0,
      0,
      0,
      1
    ],
    [
      0,
      -1,
      0,
      0,
      0,
      0,
      1,
      0,
      -1,
      0,
      0,
      0,
      0,
      0,
      0,
      1
    ],
    [
      -0.809017,
      -0.309017,
      -0.5,
      0,
      0.309017,
      0.5,
      -0.809017,
      0,
      0.5,
      -0.809017,
      -0.309017,
      0,
      0,
      0,
      0,
      1
    ],
    [
      0.5,
      -0.809017,
      -0.309017,
      0,
      0.809017,
      0.309017,
      0.5,
      0,
      -0.309017,
      -0.5,
      0.809017,
      0,
      0,
      0,
      0,
      1
    ],
    [
      -0.309017,
      -0.5,
      0.809017,
      0,
      -0.5,
      0.809017,
      0.309017,
      0,
      -0.809017,
      -0.309017,
      -0.5,
      0,
      0,
      0,
      0,
      1
    ],
    [
      -0.5,
      -0.809017,
      -0.309017,
      0,
      0.809017,
      -0.309017,
      -0.5,
      0,
      0.309017,
      -0.5,
      0.809017,
      0,
      0,
      0,
      0,
      1
    ],
    [
      0.309017,
      -0.5,
      0.809017,
      0,
      0.5,
      0.809017,
      0.309017,
      0,
      -0.809017,
      0.309017,
      0.5,
      0,
      0,
      0,
      0,
      1
    ],
    [
      -0.809017,
      0.309017,
      0.5,
      0,
      -0.309017,
      0.5,
      -0.809017,
      0,
      -0.5,
      -0.809017,
      -0.309017,
      0,
      0,
      0,
      0,
      1
    ],
    [
      -0.5,
      -0.809017,
      0.309017,
      0,
      0.809017,
      -0.309017,
      0.5,
      0,
      -0.309017,
      0.5,
      0.809017,
      0,
      0,
      0,
      0,
      1
    ],
    [
      -0.309017,
      0.5,
      0.809017,
      0,
      0.5,
      0.809017,
      -0.309017,
      0,
      -0.809017,
      0.309017,
      -0.5,
      0,
      0,
      0,
      0,
      1
    ],
    [
      -0.809017,
      0.309017,
      -0.5,
      0,
      0.309017,
      -0.5,
      -0.809017,
      0,
      -0.5,
      -0.809017,
      0.309017,
      0,
      0,
      0,
      0,
      1
    ],
    [
      -0.809017,
      -0.309017,
      0.5,
      0,
      0.309017,
      0.5,
      0.809017,
      0,
      -0.5,
      0.809017,
      -0.309017,
      0,
      0,
      0,
      0,
      1
    ],
    [
      -0.5,
      0.809017,
      -0.309017,
      0,
      0.809017,
      0.309017,
      -0.5,
      0,
      -0.309017,
      -0.5,
      -0.809017,
      0,
      0,
      0,
      0,
      1
    ],
    [
      -0.309017,
      -0.5,
      -0.809017,
      0,
      0.5,
      -0.809017,
      0.309017,
      0,
      -0.809017,
      -0.309017,
      0.5,
      0,
      0,
      0,
      0,
      1
    ]
  ],
  "lights": {
    "directionalLights": [
      {
        "direction": [
          1,
          -1,
          -1
        ],
        "color": "#EBEBE4"
      },
      {
        "direction": [
          -1,
          0,
          0
        ],
        "color": "#E4E4EB"
      },
      {
        "direction": [
          0,
          0,
          -1
        ],
        "color": "#1E1E1E"
      }
    ],
    "backgroundColor": "#AFC8DC",
    "ambientColor": "#292929"
  },
  "camera": {
    "position": {
      "x": 0,
      "y": 0,
      "z": 10
    },
    "width": 4.5,
    "nearClipDistance": 0.025,
    "perspective": true,
    "farClipDistance": 20,
    "viewDistance": 10,
    "fieldOfView": 4.4,
    "lookAtPoint": {
      "x": 0,
      "y": 0,
      "z": 0
    },
    "lookDirection": {
      "x": 0,
      "y": 0,
      "z": -1
    },
    "stereo": false,
    "upDirection": {
      "x": 0,
      "y": 1,
      "z": 0
    }
  },
  "embedding": [
    1,
    0,
    0,
    0,
    0,
    1,
    0,
    0,
    0,
    0,
    1,
    0,
    0,
    0,
    0,
    1
  ],
  "shapes": [
    {
      "id": "9ebeadbf-74a2-43ec-b2aa-c17758da242f",
      "vertices": [
        {
          "x": -2.618034063,
          "y": 5.236068126,
          "z": -1.000000029
        },
        {
          "x": -2.618034063,
          "y": 5.236068126,
          "z": 1.000000029
        },
        {
          "x": -1.000000029,
          "y": 5.854102132,
          "z": 0
        }
      ],
      "faces": [
        {
          "vertices": [
            0,
            1,
            2
          ]
        },
        {
          "vertices": [
            0,
            2,
            1
          ]
        }
      ]
    },
    {
      "id": "dbdf1107-e4a0-4e33-bd2a-1021564b2403",
      "vertices": [
        {
          "x": 1.723606941,
          "y": 0,
          "z": -6.024922341
        },
        {
          "x": 2.723606734,
          "y": 1.618034034,
          "z": -5.406888335
        },
        {
          "x": 4.341640768,
          "y": 1.000000029,
          "z": -4.406888778
        },
        {
          "x": 4.341640768,
          "y": -1.000000029,
          "z": -4.406888778
        },
        {
          "x": 2.723606734,
          "y": -1.618034034,
          "z": -5.406888335
        }
      ],
      "faces": [
        {
          "vertices": [
            0,
            1,
            2
          ]
        },
        {
          "vertices": [
            0,
            2,
            3
          ]
        },
        {
          "vertices": [
            0,
            3,
            4
          ]
        },
        {
          "vertices": [
            0,
            4,
            3
          ]
        },
        {
          "vertices": [
            0,
            3,
            2
          ]
        },
        {
          "vertices": [
            0,
            2,
            1
          ]
        }
      ]
    },
    {
      "id": "ea794167-d1c4-4216-8c0e-de3a0dbc3c90",
      "vertices": [
        {
          "x": 1.000000029,
          "y": -2.618034063,
          "z": 5.236068126
        },
        {
          "x": 0,
          "y": -1.000000029,
          "z": 5.854102132
        },
        {
          "x": -1.000000029,
          "y": -2.618034063,
          "z": 5.236068126
        }
      ],
      "faces": [
        {
          "vertices": [
            0,
            1,
            2
          ]
        },
        {
          "vertices": [
            0,
            2,
            1
          ]
        }
      ]
    },
    {
      "id": "a2b20cb8-fb6f-43e0-991f-6d2269dbf02d",
      "vertices": [
        {
          "x": -2.618034063,
          "y": -3.236068069,
          "z": 4.236067861
        },
        {
          "x": -2.723606734,
          "y": -1.618034034,
          "z": 5.406888335
        },
        {
          "x": -4.341640768,
          "y": -1.000000029,
          "z": 4.406888778
        },
        {
          "x": -4.236067861,
          "y": -2.618034063,
          "z": 3.236068069
        }
      ],
      "faces": [
        {
          "vertices": [
            0,
            1,
            2
          ]
        },
        {
          "vertices": [
            0,
            2,
            3
          ]
        },
        {
          "vertices": [
            0,
            3,
            2
          ]
        },
        {
          "vertices": [
            0,
            2,
            1
          ]
        }
      ]
    },
    {
      "id": "bc80fb7d-fee5-4fff-9c4a-e8dfe881a35e",
      "vertices": [
        {
          "x": -4.236067861,
          "y": 2.618034063,
          "z": 3.236068069
        },
        {
          "x": -2.618034063,
          "y": 3.236068069,
          "z": 4.236067861
        },
        {
          "x": -3.236068069,
          "y": 4.236067861,
          "z": 2.618034063
        }
      ],
      "faces": [
        {
          "vertices": [
            0,
            1,
            2
          ]
        },
        {
          "vertices": [
            0,
            2,
            1
          ]
        }
      ]
    },
    {
      "id": "86b448a3-c875-4295-9c43-fb94cd7fb3e5",
      "vertices": [
        {
          "x": 2.618034063,
          "y": 3.236068069,
          "z": -4.236067861
        },
        {
          "x": 1.000000029,
          "y": 2.618034063,
          "z": -5.236068126
        },
        {
          "x": -1.000000029,
          "y": 2.618034063,
          "z": -5.236068126
        },
        {
          "x": -2.618034063,
          "y": 3.236068069,
          "z": -4.236067861
        },
        {
          "x": -3.236068069,
          "y": 4.236067861,
          "z": -2.618034063
        },
        {
          "x": -2.618034063,
          "y": 5.236068126,
          "z": -1.000000029
        },
        {
          "x": -1.000000029,
          "y": 5.854102132,
          "z": 0
        },
        {
          "x": 1.000000029,
          "y": 5.854102132,
          "z": 0
        },
        {
          "x": 2.618034063,
          "y": 5.236068126,
          "z": -1.000000029
        },
        {
          "x": 3.236068069,
          "y": 4.236067861,
          "z": -2.618034063
        }
      ],
      "faces": [
        {
          "vertices": [
            0,
            1,
            2
          ]
        },
        {
          "vertices": [
            0,
            2,
            3
          ]
        },
        {
          "vertices": [
            0,
            3,
            4
          ]
        },
        {
          "vertices": [
            0,
            4,
            5
          ]
        },
        {
          "vertices": [
            0,
            5,
            6
          ]
        },
        {
          "vertices": [
            0,
            6,
            7
          ]
        },
        {
          "vertices": [
            0,
            7,
            8
          ]
        },
        {
          "vertices": [
            0,
            8,
            9
          ]
        },
        {
          "vertices": [
            0,
            9,
            8
          ]
        },
        {
          "vertices": [
            0,
            8,
            7
          ]
        },
        {
          "vertices": [
            0,
            7,
            6
          ]
        },
        {
          "vertices": [
            0,
            6,
            5
          ]
        },
        {
          "vertices": [
            0,
            5,
            4
          ]
        },
        {
          "vertices": [
            0,
            4,
            3
          ]
        },
        {
          "vertices": [
            0,
            3,
            2
          ]
        },
        {
          "vertices": [
            0,
            2,
            1
          ]
        }
      ]
    },
    {
      "id": "6673cfc6-e5fd-4316-93d7-65697fa41b74",
      "vertices": [
        {
          "x": 2.618034063,
          "y": -3.236068069,
          "z": 4.236067861
        },
        {
          "x": 3.236068069,
          "y": -4.236067861,
          "z": 2.618034063
        },
        {
          "x": 4.236067861,
          "y": -2.618034063,
          "z": 3.236068069
        }
      ],
      "faces": [
        {
          "vertices": [
            0,
            1,
            2
          ]
        },
        {
          "vertices": [
            0,
            2,
            1
          ]
        }
      ]
    },
    {
      "id": "afa9e363-4820-488a-9132-0114310b43a3",
      "vertices": [
        {
          "x": -4.236067861,
          "y": -2.618034063,
          "z": 3.236068069
        },
        {
          "x": -3.236068069,
          "y": -4.236067861,
          "z": 2.618034063
        },
        {
          "x": -2.618034063,
          "y": -3.236068069,
          "z": 4.236067861
        }
      ],
      "faces": [
        {
          "vertices": [
            0,
            1,
            2
          ]
        },
        {
          "vertices": [
            0,
            2,
            1
          ]
        }
      ]
    },
    {
      "id": "055e0142-8674-476a-88ef-d5f66f4845d8",
      "vertices": [
        {
          "x": 2.618034063,
          "y": 5.236068126,
          "z": 1.000000029
        },
        {
          "x": 2.618034063,
          "y": 5.236068126,
          "z": -1.000000029
        },
        {
          "x": 1.000000029,
          "y": 5.854102132,
          "z": 0
        }
      ],
      "faces": [
        {
          "vertices": [
            0,
            1,
            2
          ]
        },
        {
          "vertices": [
            0,
            2,
            1
          ]
        }
      ]
    },
    {
      "id": "8ed12792-2224-485d-a071-b873269a25a2",
      "vertices": [
        {
          "x": 5.854102132,
          "y": 0,
          "z": -1.000000029
        },
        {
          "x": 5.854102132,
          "y": 0,
          "z": 1.000000029
        },
        {
          "x": 5.236068126,
          "y": -1.000000029,
          "z": 2.618034063
        },
        {
          "x": 4.236067861,
          "y": -2.618034063,
          "z": 3.236068069
        },
        {
          "x": 3.236068069,
          "y": -4.236067861,
          "z": 2.618034063
        },
        {
          "x": 2.618034063,
          "y": -5.236068126,
          "z": 1.000000029
        },
        {
          "x": 2.618034063,
          "y": -5.236068126,
          "z": -1.000000029
        },
        {
          "x": 3.236068069,
          "y": -4.236067861,
          "z": -2.618034063
        },
        {
          "x": 4.236067861,
          "y": -2.618034063,
          "z": -3.236068069
        },
        {
          "x": 5.236068126,
          "y": -1.000000029,
          "z": -2.618034063
        }
      ],
      "faces": [
        {
          "vertices": [
            0,
            1,
            2
          ]
        },
        {
          "vertices": [
            0,
            2,
            3
          ]
        },
        {
          "vertices": [
            0,
            3,
            4
          ]
        },
        {
          "vertices": [
            0,
            4,
            5
          ]
        },
        {
          "vertices": [
            0,
            5,
            6
          ]
        },
        {
          "vertices": [
            0,
            6,
            7
          ]
        },
        {
          "vertices": [
            0,
            7,
            8
          ]
        },
        {
          "vertices": [
            0,
            8,
            9
          ]
        },
        {
          "vertices": [
            0,
            9,
            8
          ]
        },
        {
          "vertices": [
            0,
            8,
            7
          ]
        },
        {
          "vertices": [
            0,
            7,
            6
          ]
        },
        {
          "vertices": [
            0,
            6,
            5
          ]
        },
        {
          "vertices": [
            0,
            5,
            4
          ]
        },
        {
          "vertices": [
            0,
            4,
            3
          ]
        },
        {
          "vertices": [
            0,
            3,
            2
          ]
        },
        {
          "vertices": [
            0,
            2,
            1
          ]
        }
      ]
    },
    {
      "id": "8e84902d-fd62-486f-bb3b-72732f82720e",
      "vertices": [
        {
          "x": -5.236068126,
          "y": 1.000000029,
          "z": -2.618034063
        },
        {
          "x": -5.854102132,
          "y": 0,
          "z": -1.000000029
        },
        {
          "x": -5.854102132,
          "y": 0,
          "z": 1.000000029
        },
        {
          "x": -5.236068126,
          "y": 1.000000029,
          "z": 2.618034063
        },
        {
          "x": -4.236067861,
          "y": 2.618034063,
          "z": 3.236068069
        },
        {
          "x": -3.236068069,
          "y": 4.236067861,
          "z": 2.618034063
        },
        {
          "x": -2.618034063,
          "y": 5.236068126,
          "z": 1.000000029
        },
        {
          "x": -2.618034063,
          "y": 5.236068126,
          "z": -1.000000029
        },
        {
          "x": -3.236068069,
          "y": 4.236067861,
          "z": -2.618034063
        },
        {
          "x": -4.236067861,
          "y": 2.618034063,
          "z": -3.236068069
        }
      ],
      "faces": [
        {
          "vertices": [
            0,
            1,
            2
          ]
        },
        {
          "vertices": [
            0,
            2,
            3
          ]
        },
        {
          "vertices": [
            0,
            3,
            4
          ]
        },
        {
          "vertices": [
            0,
            4,
            5
          ]
        },
        {
          "vertices": [
            0,
            5,
            6
          ]
        },
        {
          "vertices": [
            0,
            6,
            7
          ]
        },
        {
          "vertices": [
            0,
            7,
            8
          ]
        },
        {
          "vertices": [
            0,
            8,
            9
          ]
        },
        {
          "vertices": [
            0,
            9,
            8
          ]
        },
        {
          "vertices": [
            0,
            8,
            7
          ]
        },
        {
          "vertices": [
            0,
            7,
            6
          ]
        },
        {
          "vertices": [
            0,
            6,
            5
          ]
        },
        {
          "vertices": [
            0,
            5,
            4
          ]
        },
        {
          "vertices": [
            0,
            4,
            3
          ]
        },
        {
          "vertices": [
            0,
            3,
            2
          ]
        },
        {
          "vertices": [
            0,
            2,
            1
          ]
        }
      ]
    },
    {
      "id": "510d0006-471b-409b-9ae7-cd383b26e4ca",
      "vertices": [
        {
          "x": 0,
          "y": 1.000000029,
          "z": -5.854102132
        },
        {
          "x": 1.723606941,
          "y": 0,
          "z": -6.024922341
        },
        {
          "x": 0,
          "y": -1.000000029,
          "z": -5.854102132
        }
      ],
      "faces": [
        {
          "vertices": [
            0,
            1,
            2
          ]
        },
        {
          "vertices": [
            0,
            2,
            1
          ]
        }
      ]
    },
    {
      "id": "5be1fbc9-114c-4615-946b-5b865e2feb8c",
      "vertices": [
        {
          "x": 2.618034063,
          "y": 5.236068126,
          "z": 1.000000029
        },
        {
          "x": 3.236068069,
          "y": 4.236067861,
          "z": 2.618034063
        },
        {
          "x": 4.236067861,
          "y": 2.618034063,
          "z": 3.236068069
        },
        {
          "x": 5.236068126,
          "y": 1.000000029,
          "z": 2.618034063
        },
        {
          "x": 5.854102132,
          "y": 0,
          "z": 1.000000029
        },
        {
          "x": 5.854102132,
          "y": 0,
          "z": -1.000000029
        },
        {
          "x": 5.236068126,
          "y": 1.000000029,
          "z": -2.618034063
        },
        {
          "x": 4.236067861,
          "y": 2.618034063,
          "z": -3.236068069
        },
        {
          "x": 3.236068069,
          "y": 4.236067861,
          "z": -2.618034063
        },
        {
          "x": 2.618034063,
          "y": 5.236068126,
          "z": -1.000000029
        }
      ],
      "faces": [
        {
          "vertices": [
            0,
            1,
            2
          ]
        },
        {
          "vertices": [
            0,
            2,
            3
          ]
        },
        {
          "vertices": [
            0,
            3,
            4
          ]
        },
        {
          "vertices": [
            0,
            4,
            5
          ]
        },
        {
          "vertices": [
            0,
            5,
            6
          ]
        },
        {
          "vertices": [
            0,
            6,
            7
          ]
        },
        {
          "vertices": [
            0,
            7,
            8
          ]
        },
        {
          "vertices": [
            0,
            8,
            9
          ]
        },
        {
          "vertices": [
            0,
            9,
            8
          ]
        },
        {
          "vertices": [
            0,
            8,
            7
          ]
        },
        {
          "vertices": [
            0,
            7,
            6
          ]
        },
        {
          "vertices": [
            0,
            6,
            5
          ]
        },
        {
          "vertices": [
            0,
            5,
            4
          ]
        },
        {
          "vertices": [
            0,
            4,
            3
          ]
        },
        {
          "vertices": [
            0,
            3,
            2
          ]
        },
        {
          "vertices": [
            0,
            2,
            1
          ]
        }
      ]
    },
    {
      "id": "ce0de9b2-3482-4816-845b-1c5a6f9bc843",
      "vertices": [
        {
          "x": 4.236067861,
          "y": -2.618034063,
          "z": -3.236068069
        },
        {
          "x": 3.236068069,
          "y": -4.236067861,
          "z": -2.618034063
        },
        {
          "x": 2.618034063,
          "y": -3.236068069,
          "z": -4.236067861
        }
      ],
      "faces": [
        {
          "vertices": [
            0,
            1,
            2
          ]
        },
        {
          "vertices": [
            0,
            2,
            1
          ]
        }
      ]
    },
    {
      "id": "77c548f8-8dda-4dff-9368-e0d435d99f2d",
      "vertices": [
        {
          "x": -4.236067861,
          "y": -2.618034063,
          "z": -3.236068069
        },
        {
          "x": -2.618034063,
          "y": -3.236068069,
          "z": -4.236067861
        },
        {
          "x": -3.236068069,
          "y": -4.236067861,
          "z": -2.618034063
        }
      ],
      "faces": [
        {
          "vertices": [
            0,
            1,
            2
          ]
        },
        {
          "vertices": [
            0,
            2,
            1
          ]
        }
      ]
    },
    {
      "id": "4ef2a520-5e66-4c92-a268-bc37a683db98",
      "vertices": [
        {
          "x": -5.236068126,
          "y": -1.000000029,
          "z": 2.618034063
        },
        {
          "x": -4.341640768,
          "y": -1.000000029,
          "z": 4.406888778
        },
        {
          "x": -4.341640768,
          "y": 1.000000029,
          "z": 4.406888778
        },
        {
          "x": -5.236068126,
          "y": 1.000000029,
          "z": 2.618034063
        }
      ],
      "faces": [
        {
          "vertices": [
            0,
            1,
            2
          ]
        },
        {
          "vertices": [
            0,
            2,
            3
          ]
        },
        {
          "vertices": [
            0,
            3,
            2
          ]
        },
        {
          "vertices": [
            0,
            2,
            1
          ]
        }
      ]
    },
    {
      "id": "e4026aca-6886-406d-99e2-e85e90fb7ef8",
      "vertices": [
        {
          "x": 1.000000029,
          "y": 2.618034063,
          "z": 5.236068126
        },
        {
          "x": -1.000000029,
          "y": 2.618034063,
          "z": 5.236068126
        },
        {
          "x": 0,
          "y": 1.000000029,
          "z": 5.854102132
        }
      ],
      "faces": [
        {
          "vertices": [
            0,
            1,
            2
          ]
        },
        {
          "vertices": [
            0,
            2,
            1
          ]
        }
      ]
    },
    {
      "id": "4fd8f2f0-a4de-4d71-a8e4-388cef3f2cc9",
      "vertices": [
        {
          "x": -4.341640768,
          "y": 1.000000029,
          "z": 4.406888778
        },
        {
          "x": -4.341640768,
          "y": -1.000000029,
          "z": 4.406888778
        },
        {
          "x": -2.723606734,
          "y": -1.618034034,
          "z": 5.406888335
        },
        {
          "x": -1.723606941,
          "y": 0,
          "z": 6.024922341
        },
        {
          "x": -2.723606734,
          "y": 1.618034034,
          "z": 5.406888335
        }
      ],
      "faces": [
        {
          "vertices": [
            0,
            1,
            2
          ]
        },
        {
          "vertices": [
            0,
            2,
            3
          ]
        },
        {
          "vertices": [
            0,
            3,
            4
          ]
        },
        {
          "vertices": [
            0,
            4,
            3
          ]
        },
        {
          "vertices": [
            0,
            3,
            2
          ]
        },
        {
          "vertices": [
            0,
            2,
            1
          ]
        }
      ]
    },
    {
      "id": "9a641446-1dfe-4547-a222-1aafb6e6354d",
      "vertices": [
        {
          "x": -2.618034063,
          "y": -3.236068069,
          "z": 4.236067861
        },
        {
          "x": -3.236068069,
          "y": -4.236067861,
          "z": 2.618034063
        },
        {
          "x": -2.618034063,
          "y": -5.236068126,
          "z": 1.000000029
        },
        {
          "x": -1.000000029,
          "y": -5.854102132,
          "z": 0
        },
        {
          "x": 1.000000029,
          "y": -5.854102132,
          "z": 0
        },
        {
          "x": 2.618034063,
          "y": -5.236068126,
          "z": 1.000000029
        },
        {
          "x": 3.236068069,
          "y": -4.236067861,
          "z": 2.618034063
        },
        {
          "x": 2.618034063,
          "y": -3.236068069,
          "z": 4.236067861
        },
        {
          "x": 1.000000029,
          "y": -2.618034063,
          "z": 5.236068126
        },
        {
          "x": -1.000000029,
          "y": -2.618034063,
          "z": 5.236068126
        }
      ],
      "faces": [
        {
          "vertices": [
            0,
            1,
            2
          ]
        },
        {
          "vertices": [
            0,
            2,
            3
          ]
        },
        {
          "vertices": [
            0,
            3,
            4
          ]
        },
        {
          "vertices": [
            0,
            4,
            5
          ]
        },
        {
          "vertices": [
            0,
            5,
            6
          ]
        },
        {
          "vertices": [
            0,
            6,
            7
          ]
        },
        {
          "vertices": [
            0,
            7,
            8
          ]
        },
        {
          "vertices": [
            0,
            8,
            9
          ]
        },
        {
          "vertices": [
            0,
            9,
            8
          ]
        },
        {
          "vertices": [
            0,
            8,
            7
          ]
        },
        {
          "vertices": [
            0,
            7,
            6
          ]
        },
        {
          "vertices": [
            0,
            6,
            5
          ]
        },
        {
          "vertices": [
            0,
            5,
            4
          ]
        },
        {
          "vertices": [
            0,
            4,
            3
          ]
        },
        {
          "vertices": [
            0,
            3,
            2
          ]
        },
        {
          "vertices": [
            0,
            2,
            1
          ]
        }
      ]
    },
    {
      "id": "fc7c368e-700e-47b2-a93c-fb7134fd09ae",
      "vertices": [
        {
          "x": 1.000000029,
          "y": 2.618034063,
          "z": -5.236068126
        },
        {
          "x": -1.000000029,
          "y": 2.618034063,
          "z": -5.236068126
        },
        {
          "x": 0,
          "y": 1.000000029,
          "z": -5.854102132
        }
      ],
      "faces": [
        {
          "vertices": [
            0,
            1,
            2
          ]
        },
        {
          "vertices": [
            0,
            2,
            1
          ]
        }
      ]
    },
    {
      "id": "07b691e2-5d08-40e7-af27-bbc5b2a3cf87",
      "vertices": [
        {
          "x": 2.618034063,
          "y": 3.236068069,
          "z": -4.236067861
        },
        {
          "x": 2.723606734,
          "y": 1.618034034,
          "z": -5.406888335
        },
        {
          "x": 1.000000029,
          "y": 2.618034063,
          "z": -5.236068126
        }
      ],
      "faces": [
        {
          "vertices": [
            0,
            1,
            2
          ]
        },
        {
          "vertices": [
            0,
            2,
            1
          ]
        }
      ]
    },
    {
      "id": "6c4e57dd-15e7-49af-b853-ecf4b20479f4",
      "vertices": [
        {
          "x": 0,
          "y": -1.000000029,
          "z": 5.854102132
        },
        {
          "x": -1.723606941,
          "y": 0,
          "z": 6.024922341
        },
        {
          "x": -2.723606734,
          "y": -1.618034034,
          "z": 5.406888335
        },
        {
          "x": -1.000000029,
          "y": -2.618034063,
          "z": 5.236068126
        }
      ],
      "faces": [
        {
          "vertices": [
            0,
            1,
            2
          ]
        },
        {
          "vertices": [
            0,
            2,
            3
          ]
        },
        {
          "vertices": [
            0,
            3,
            2
          ]
        },
        {
          "vertices": [
            0,
            2,
            1
          ]
        }
      ]
    },
    {
      "id": "f3375ae5-2682-4e8f-abff-d9ee8dff83bc",
      "vertices": [
        {
          "x": -5.236068126,
          "y": 1.000000029,
          "z": -2.618034063
        },
        {
          "x": -5.236068126,
          "y": -1.000000029,
          "z": -2.618034063
