{
  "field": "golden",
  "symmetry": "icosahedral",
  "orientations": [
    [
      1,
      0,
      0,
      0,
      0,
      1,
      0,
      0,
      0,
      0,
      1,
      0,
      0,
      0,
      0,
      1
    ],
    [
      0,
      0,
      1,
      0,
      1,
      0,
      0,
      0,
      0,
      1,
      0,
      0,
      0,
      0,
      0,
      1
    ],
    [
      0,
      1,
      0,
      0,
      0,
      0,
      1,
      0,
      1,
      0,
      0,
      0,
      0,
      0,
      0,
      1
    ],
    [
      0.809017,
      0.309017,
      0.5,
      0,
      0.309017,
      0.5,
      -0.809017,
      0,
      -0.5,
      0.809017,
      0.309017,
      0,
      0,
      0,
      0,
      1
    ],
    [
      -0.5,
      0.809017,
      0.309017,
      0,
      0.809017,
      0.309017,
      0.5,
      0,
      0.309017,
      0.5,
      -0.809017,
      0,
      0,
      0,
      0,
      1
    ],
    [
      0.309017,
      0.5,
      -0.809017,
      0,
      -0.5,
      0.809017,
      0.309017,
      0,
      0.809017,
      0.309017,
      0.5,
      0,
      0,
      0,
      0,
      1
    ],
    [
      0.5,
      0.809017,
      0.309017,
      0,
      0.809017,
      -0.309017,
      -0.5,
      0,
      -0.309017,
      0.5,
      -0.809017,
      0,
      0,
      0,
      0,
      1
    ],
    [
      -0.309017,
      0.5,
      -0.809017,
      0,
      0.5,
      0.809017,
      0.309017,
      0,
      0.809017,
      -0.309017,
      -0.5,
      0,
      0,
      0,
      0,
      1
    ],
    [
      0.809017,
      -0.309017,
      -0.5,
      0,
      -0.309017,
      0.5,
      -0.809017,
      0,
      0.5,
      0.809017,
      0.309017,
      0,
      0,
      0,
      0,
      1
    ],
    [
      0.5,
      0.809017,
      -0.309017,
      0,
      0.809017,
      -0.309017,
      0.5,
      0,
      0.309017,
      -0.5,
      -0.809017,
      0,
      0,
      0,
      0,
      1
    ],
    [
      0.309017,
      -0.5,
      -0.809017,
      0,
      0.5,
      0.809017,
      -0.309017,
      0,
      0.809017,
      -0.309017,
      0.5,
      0,
      0,
      0,
      0,
      1
    ],
    [
      0.809017,
      -0.309017,
      0.5,
      0,
      0.309017,
      -0.5,
      -0.809017,
      0,
      0.5,
      0.809017,
      -0.309017,
      0,
      0,
      0,
      0,
      1
    ],
    [
      0.809017,
      0.309017,
      -0.5,
      0,
      0.309017,
      0.5,
      0.809017,
      0,
      0.5,
      -0.809017,
      0.309017,
      0,
      0,
      0,
      0,
      1
    ],
    [
      0.5,
      -0.809017,
      0.309017,
      0,
      0.809017,
      0.309017,
      -0.5,
      0,
      0.309017,
      0.5,
      0.809017,
      0,
      0,
      0,
      0,
      1
    ],
    [
      0.309017,
      0.5,
      0.809017,
      0,
      0.5,
      -0.809017,
      0.309017,
      0,
      0.809017,
      0.309017,
      -0.5,
      0,
      0,
      0,
      0,
      1
    ],
    [
      1,
      0,
      0,
      0,
      0,
      -1,
      0,
      0,
      0,
      0,
      -1,
      0,
      0,
      0,
      0,
      1
    ],
    [
      0,
      0,
      1,
      0,
      -1,
      0,
      0,
      0,
      0,
      -1,
      0,
      0,
      0,
      0,
      0,
      1
    ],
    [
      0,
      1,
      0,
      0,
      0,
      0,
      -1,
      0,
      -1,
      0,
      0,
      0,
      0,
      0,
      0,
      1
    ],
    [
      0.809017,
      0.309017,
      0.5,
      0,
      -0.309017,
      -0.5,
      0.809017,
      0,
      0.5,
      -0.809017,
      -0.309017,
      0,
      0,
      0,
      0,
      1
    ],
    [
      -0.5,
      0.809017,
      0.309017,
      0,
      -0.809017,
      -0.309017,
      -0.5,
      0,
      -0.309017,
      -0.5,
      0.809017,
      0,
      0,
      0,
      0,
      1
    ],
    [
      0.309017,
      0.5,
      -0.809017,
      0,
      0.5,
      -0.809017,
      -0.309017,
      0,
      -0.809017,
      -0.309017,
      -0.5,
      0,
      0,
      0,
      0,
      1
    ],
    [
      0.5,
      0.809017,
      0.309017,
      0,
      -0.809017,
      0.309017,
      0.5,
      0,
      0.309017,
      -0.5,
      0.809017,
      0,
      0,
      0,
      0,
      1
    ],
    [
      -0.309017,
      0.5,
      -0.809017,
      0,
      -0.5,
      -0.809017,
      -0.309017,
      0,
      -0.809017,
      0.309017,
      0.5,
      0,
      0,
      0,
      0,
      1
    ],
    [
      0.809017,
      -0.309017,
      -0.5,
      0,
      0.309017,
      -0.5,
      0.809017,
      0,
      -0.5,
      -0.809017,
      -0.309017,
      0,
      0,
      0,
      0,
      1
    ],
    [
      0.5,
      0.809017,
      -0.309017,
      0,
      -0.809017,
      0.309017,
      -0.5,
      0,
      -0.309017,
      0.5,
      0.809017,
      0,
      0,
      0,
      0,
      1
    ],
    [
      0.309017,
      -0.5,
      -0.809017,
      0,
      -0.5,
      -0.809017,
      0.309017,
      0,
      -0.809017,
      0.309017,
      -0.5,
      0,
      0,
      0,
      0,
      1
    ],
    [
      0.809017,
      -0.309017,
      0.5,
      0,
      -0.309017,
      0.5,
      0.809017,
      0,
      -0.5,
      -0.809017,
      0.309017,
      0,
      0,
      0,
      0,
      1
    ],
    [
      0.809017,
      0.309017,
      -0.5,
      0,
      -0.309017,
      -0.5,
      -0.809017,
      0,
      -0.5,
      0.809017,
      -0.309017,
      0,
      0,
      0,
      0,
      1
    ],
    [
      0.5,
      -0.809017,
      0.309017,
      0,
      -0.809017,
      -0.309017,
      0.5,
      0,
      -0.309017,
      -0.5,
      -0.809017,
      0,
      0,
      0,
      0,
      1
    ],
    [
      0.309017,
      0.5,
      0.809017,
      0,
      -0.5,
      0.809017,
      -0.309017,
      0,
      -0.809017,
      -0.309017,
      0.5,
      0,
      0,
      0,
      0,
      1
    ],
    [
      -1,
      0,
      0,
      0,
      0,
      -1,
      0,
      0,
      0,
      0,
      1,
      0,
      0,
      0,
      0,
      1
    ],
    [
      0,
      0,
      -1,
      0,
      -1,
      0,
      0,
      0,
      0,
      1,
      0,
      0,
      0,
      0,
      0,
      1
    ],
    [
      0,
      -1,
      0,
      0,
      0,
      0,
      -1,
      0,
      1,
      0,
      0,
      0,
      0,
      0,
      0,
      1
    ],
    [
      -0.809017,
      -0.309017,
      -0.5,
      0,
      -0.309017,
      -0.5,
      0.809017,
      0,
      -0.5,
      0.809017,
      0.309017,
      0,
      0,
      0,
      0,
      1
    ],
    [
      0.5,
      -0.809017,
      -0.309017,
      0,
      -0.809017,
      -0.309017,
      -0.5,
      0,
      0.309017,
      0.5,
      -0.809017,
      0,
      0,
      0,
      0,
      1
    ],
    [
      -0.309017,
      -0.5,
      0.809017,
      0,
      0.5,
      -0.809017,
      -0.309017,
      0,
      0.809017,
      0.309017,
      0.5,
      0,
      0,
      0,
      0,
      1
    ],
    [
      -0.5,
      -0.809017,
      -0.309017,
      0,
      -0.809017,
      0.309017,
      0.5,
      0,
      -0.309017,
      0.5,
      -0.809017,
      0,
      0,
      0,
      0,
      1
    ],
    [
      0.309017,
      -0.5,
      0.809017,
      0,
      -0.5,
      -0.809017,
      -0.309017,
      0,
      0.809017,
      -0.309017,
      -0.5,
      0,
      0,
      0,
      0,
      1
    ],
    [
      -0.809017,
      0.309017,
      0.5,
      0,
      0.309017,
      -0.5,
      0.809017,
      0,
      0.5,
      0.809017,
      0.309017,
      0,
      0,
      0,
      0,
      1
    ],
    [
      -0.5,
      -0.809017,
      0.309017,
      0,
      -0.809017,
      0.309017,
      -0.5,
      0,
      0.309017,
      -0.5,
      -0.809017,
      0,
      0,
      0,
      0,
      1
    ],
    [
      -0.309017,
      0.5,
      0.809017,
      0,
      -0.5,
      -0.809017,
      0.309017,
      0,
      0.809017,
      -0.309017,
      0.5,
      0,
      0,
      0,
      0,
      1
    ],
    [
      -0.809017,
      0.309017,
      -0.5,
      0,
      -0.309017,
      0.5,
      0.809017,
      0,
      0.5,
      0.809017,
      -0.309017,
      0,
      0,
      0,
      0,
      1
    ],
    [
      -0.809017,
      -0.309017,
      0.5,
      0,
      -0.309017,
      -0.5,
      -0.809017,
      0,
      0.5,
      -0.809017,
      0.309017,
      0,
      0,
      0,
      0,
      1
    ],
    [
      -0.5,
      0.809017,
      -0.309017,
      0,
      -0.809017,
      -0.309017,
      0.5,
      0,
      0.309017,
      0.5,
      0.809017,
      0,
      0,
      0,
      0,
      1
    ],
    [
      -0.309017,
      -0.5,
      -0.809017,
      0,
      -0.5,
      0.809017,
      -0.309017,
      0,
      0.809017,
      0.309017,
      -0.5,
      0,
      0,
      0,
      0,
      1
    ],
    [
      -1,
      0,
      0,
      0,
      0,
      1,
      0,
      0,
      0,
      0,
      -1,
      0,
      0,
      0,
      0,
      1
    ],
    [
      0,
      0,
      -1,
      0,
      1,
      0,
      0,
      0,
      0,
      -1,
      0,
      0,
      0,
      0,
      0,
      1
    ],
    [
      0,
      -1,
      0,
      0,
      0,
      0,
      1,
      0,
      -1,
      0,
      0,
      0,
      0,
      0,
      0,
      1
    ],
    [
      -0.809017,
      -0.309017,
      -0.5,
      0,
      0.309017,
      0.5,
      -0.809017,
      0,
      0.5,
      -0.809017,
      -0.309017,
      0,
      0,
      0,
      0,
      1
    ],
    [
      0.5,
      -0.809017,
      -0.309017,
      0,
      0.809017,
      0.309017,
      0.5,
      0,
      -0.309017,
      -0.5,
      0.809017,
      0,
      0,
      0,
      0,
      1
    ],
    [
      -0.309017,
      -0.5,
      0.809017,
      0,
      -0.5,
      0.809017,
      0.309017,
      0,
      -0.809017,
      -0.309017,
      -0.5,
      0,
      0,
      0,
      0,
      1
    ],
    [
      -0.5,
      -0.809017,
      -0.309017,
      0,
      0.809017,
      -0.309017,
      -0.5,
      0,
      0.309017,
      -0.5,
      0.809017,
      0,
      0,
      0,
      0,
      1
    ],
    [
      0.309017,
      -0.5,
      0.809017,
      0,
      0.5,
      0.809017,
      0.309017,
      0,
      -0.809017,
      0.309017,
      0.5,
      0,
      0,
      0,
      0,
      1
    ],
    [
      -0.809017,
      0.309017,
      0.5,
      0,
      -0.309017,
      0.5,
      -0.809017,
      0,
      -0.5,
      -0.809017,
      -0.309017,
      0,
      0,
      0,
      0,
      1
    ],
    [
      -0.5,
      -0.809017,
      0.309017,
      0,
      0.809017,
      -0.309017,
      0.5,
      0,
      -0.309017,
      0.5,
      0.809017,
      0,
      0,
      0,
      0,
      1
    ],
    [
      -0.309017,
      0.5,
      0.809017,
      0,
      0.5,
      0.809017,
      -0.309017,
      0,
      -0.809017,
      0.309017,
      -0.5,
      0,
      0,
      0,
      0,
      1
    ],
    [
      -0.809017,
      0.309017,
      -0.5,
      0,
      0.309017,
      -0.5,
      -0.809017,
      0,
      -0.5,
      -0.809017,
      0.309017,
      0,
      0,
      0,
      0,
      1
    ],
    [
      -0.809017,
      -0.309017,
      0.5,
      0,
      0.309017,
      0.5,
      0.809017,
      0,
      -0.5,
      0.809017,
      -0.309017,
      0,
      0,
      0,
      0,
      1
    ],
    [
      -0.5,
      0.809017,
      -0.309017,
      0,
      0.809017,
      0.309017,
      -0.5,
      0,
      -0.309017,
      -0.5,
      -0.809017,
      0,
      0,
      0,
      0,
      1
    ],
    [
      -0.309017,
      -0.5,
      -0.809017,
      0,
      0.5,
      -0.809017,
      0.309017,
      0,
      -0.809017,
      -0.309017,
      0.5,
      0,
      0,
      0,
      0,
      1
    ]
  ],
  "lights": {
    "directionalLights": [
      {
        "direction": [
          1,
          -1,
          -1
        ],
        "color": "#EBEBE4"
      },
      {
        "direction": [
          -1,
          0,
          0
        ],
        "color": "#E4E4EB"
      },
      {
        "direction": [
          0,
          0,
          -1
        ],
        "color": "#1E1E1E"
      }
    ],
    "backgroundColor": "#AFC8DC",
    "ambientColor": "#292929"
  },
  "camera": {
    "position": {
      "x": 0,
      "y": 0,
      "z": 10
    },
    "width": 4.5,
    "nearClipDistance": 0.025,
    "perspective": true,
    "farClipDistance": 20,
    "viewDistance": 10,
    "fieldOfView": 4.4,
    "lookAtPoint": {
      "x": 0,
      "y": 0,
      "z": 0
    },
    "lookDirection": {
      "x": 0,
      "y": 0,
      "z": -1
    },
    "stereo": false,
    "upDirection": {
      "x": 0,
      "y": 1,
      "z": 0
    }
  },
  "embedding": [
    1,
    0,
    0,
    0,
    0,
    1,
    0,
    0,
    0,
    0,
    1,
    0,
    0,
    0,
    0,
    1
  ],
  "shapes": [
    {
      "id": "7e9c682c-8508-4e19-a321-672eb3922941",
      "vertices": [
        {
          "x": -1.000000016,
          "y": 2.61803403,
          "z": 5.23606806
        },
        {
          "x": -2.723606699,
          "y": 1.618034014,
          "z": 5.406888266
        },
        {
          "x": -1.723606919,
          "y": 0,
          "z": 6.024922264
        },
        {
          "x": 0,
          "y": 1.000000016,
          "z": 5.854102057
        }
      ],
      "faces": [
        {
          "vertices": [
            0,
            1,
            2
          ]
        },
        {
          "vertices": [
            0,
            2,
            3
          ]
        },
        {
          "vertices": [
            0,
            3,
            2
          ]
        },
        {
          "vertices": [
            0,
            2,
            1
          ]
        }
      ]
    },
    {
      "id": "4d51b43f-9346-4b7b-8959-3a19a54c381a",
      "vertices": [
        {
          "x": 5.854102057,
          "y": 0,
          "z": -1.000000016
        },
        {
          "x": 5.854102057,
          "y": 0,
          "z": 1.000000016
        },
        {
          "x": 5.23606806,
          "y": -1.000000016,
          "z": 2.61803403
        },
        {
          "x": 4.236067808,
          "y": -2.61803403,
          "z": 3.236068028
        },
        {
          "x": 3.236068028,
          "y": -4.236067808,
          "z": 2.61803403
        },
        {
          "x": 2.61803403,
          "y": -5.23606806,
          "z": 1.000000016
        },
        {
          "x": 2.61803403,
          "y": -5.23606806,
          "z": -1.000000016
        },
        {
          "x": 3.236068028,
          "y": -4.236067808,
          "z": -2.61803403
        },
        {
          "x": 4.236067808,
          "y": -2.61803403,
          "z": -3.236068028
        },
        {
          "x": 5.23606806,
          "y": -1.000000016,
          "z": -2.61803403
        }
      ],
      "faces": [
        {
          "vertices": [
            0,
            1,
            2
          ]
        },
        {
          "vertices": [
            0,
            2,
            3
          ]
        },
        {
          "vertices": [
            0,
            3,
            4
          ]
        },
        {
          "vertices": [
            0,
            4,
            5
          ]
        },
        {
          "vertices": [
            0,
            5,
            6
          ]
        },
        {
          "vertices": [
            0,
            6,
            7
          ]
        },
        {
          "vertices": [
            0,
            7,
            8
          ]
        },
        {
          "vertices": [
            0,
            8,
            9
          ]
        },
        {
          "vertices": [
            0,
            9,
            8
          ]
        },
        {
          "vertices": [
            0,
            8,
            7
          ]
        },
        {
          "vertices": [
            0,
            7,
            6
          ]
        },
        {
          "vertices": [
            0,
            6,
            5
          ]
        },
        {
          "vertices": [
            0,
            5,
            4
          ]
        },
        {
          "vertices": [
            0,
            4,
            3
          ]
        },
        {
          "vertices": [
            0,
            3,
            2
          ]
        },
        {
          "vertices": [
            0,
            2,
            1
          ]
        }
      ]
    },
    {
      "id": "651f324d-af44-470f-9ddb-ad81bc7ac54a",
      "vertices": [
        {
          "x": -4.341640713,
          "y": -1.000000016,
          "z": 4.406888722
        },
        {
          "x": -2.723606699,
          "y": -1.618034014,
          "z": 5.406888266
        },
        {
          "x": -1.723606919,
          "y": 0,
          "z": 6.024922264
        },
        {
          "x": -2.723606699,
          "y": 1.618034014,
          "z": 5.406888266
        },
        {
          "x": -4.341640713,
          "y": 1.000000016,
          "z": 4.406888722
        }
      ],
      "faces": [
        {
          "vertices": [
            0,
            1,
            2
          ]
        },
        {
          "vertices": [
            0,
            2,
            3
          ]
        },
        {
          "vertices": [
            0,
            3,
            4
          ]
        },
        {
          "vertices": [
            0,
            4,
            3
          ]
        },
        {
          "vertices": [
            0,
            3,
            2
          ]
        },
        {
          "vertices": [
            0,
            2,
            1
          ]
        }
      ]
    },
    {
      "id": "f810affb-24a9-4805-ac33-df747a1b8365",
      "vertices": [
        {
          "x": -2.61803403,
          "y": -5.23606806,
          "z": -1.000000016
        },
        {
          "x": -3.236068028,
          "y": -4.236067808,
          "z": -2.61803403
        },
        {
          "x": -1.618034014,
          "y": -5.406888266,
          "z": -2.723606699
        }
      ],
      "faces": [
        {
          "vertices": [
            0,
            1,
            2
          ]
        },
        {
          "vertices": [
            0,
            2,
            1
          ]
        }
      ]
    },
    {
      "id": "9e250730-e3ca-4c99-be6e-334242261a1c",
      "vertices": [
        {
          "x": 3.236068028,
          "y": 4.236067808,
          "z": -2.61803403
        },
        {
          "x": 2.61803403,
          "y": 3.236068028,
          "z": -4.236067808
        },
        {
          "x": 4.236067808,
          "y": 2.61803403,
          "z": -3.236068028
        }
      ],
      "faces": [
        {
          "vertices": [
            0,
            1,
            2
          ]
        },
        {
          "vertices": [
            0,
            2,
            1
          ]
        }
      ]
    },
    {
      "id": "9b030c7a-e9c1-4439-8c45-131ef64e1fd4",
      "vertices": [
        {
          "x": -2.61803403,
          "y": -5.23606806,
          "z": -1.000000016
        },
        {
          "x": -1.618034014,
          "y": -5.406888266,
          "z": -2.723606699
        },
        {
          "x": 0,
          "y": -6.024922264,
          "z": -1.723606919
        },
        {
          "x": -1.000000016,
          "y": -5.854102057,
          "z": 0
        }
      ],
      "faces": [
        {
          "vertices": [
            0,
            1,
            2
          ]
        },
        {
          "vertices": [
            0,
            2,
            3
          ]
        },
        {
          "vertices": [
            0,
            3,
            2
          ]
        },
        {
          "vertices": [
            0,
            2,
            1
          ]
        }
      ]
    },
    {
      "id": "9c304150-eab4-47ac-9544-adb74998828b",
      "vertices": [
        {
          "x": 1.000000016,
          "y": 5.854102057,
          "z": 0
        },
        {
          "x": 0,
          "y": 6.024922264,
          "z": -1.723606919
        },
        {
          "x": -1.000000016,
          "y": 5.854102057,
          "z": 0
        }
      ],
      "faces": [
        {
          "vertices": [
            0,
            1,
            2
          ]
        },
        {
          "vertices": [
            0,
            2,
            1
          ]
        }
      ]
    },
    {
      "id": "86be5f65-10a1-4507-9525-fe8283ed1446",
      "vertices": [
        {
          "x": -2.61803403,
          "y": -5.23606806,
          "z": 1.000000016
        },
        {
          "x": -1.000000016,
          "y": -5.854102057,
          "z": 0
        },
        {
          "x": 1.000000016,
          "y": -5.854102057,
          "z": 0
        },
        {
          "x": 2.61803403,
          "y": -5.23606806,
          "z": 1.000000016
        },
        {
          "x": 3.236068028,
          "y": -4.236067808,
          "z": 2.61803403
        },
        {
          "x": 2.61803403,
          "y": -3.236068028,
          "z": 4.236067808
        },
        {
          "x": 1.000000016,
          "y": -2.61803403,
          "z": 5.23606806
        },
        {
          "x": -1.000000016,
          "y": -2.61803403,
          "z": 5.23606806
        },
        {
          "x": -2.61803403,
          "y": -3.236068028,
          "z": 4.236067808
        },
        {
          "x": -3.236068028,
          "y": -4.236067808,
          "z": 2.61803403
        }
      ],
      "faces": [
        {
          "vertices": [
            0,
            1,
            2
          ]
        },
        {
          "vertices": [
            0,
            2,
            3
          ]
        },
        {
          "vertices": [
            0,
            3,
            4
          ]
        },
        {
          "vertices": [
            0,
            4,
            5
          ]
        },
        {
          "vertices": [
            0,
            5,
            6
          ]
        },
        {
          "vertices": [
            0,
            6,
            7
          ]
        },
        {
          "vertices": [
            0,
            7,
            8
          ]
        },
        {
          "vertices": [
            0,
            8,
            9
          ]
        },
        {
          "vertices": [
            0,
            9,
            8
          ]
        },
        {
          "vertices": [
            0,
            8,
            7
          ]
        },
        {
          "vertices": [
            0,
            7,
            6
          ]
        },
        {
          "vertices": [
            0,
            6,
            5
          ]
        },
        {
          "vertices": [
            0,
            5,
            4
          ]
        },
        {
          "vertices": [
            0,
            4,
            3
          ]
        },
        {
          "vertices": [
            0,
            3,
            2
          ]
        },
        {
          "vertices": [
            0,
            2,
            1
          ]
        }
      ]
    },
    {
      "id": "83813ee4-e111-4c81-afe5-1b9f27f6282b",
      "vertices": [
        {
          "x": 2.61803403,
          "y": -5.23606806,
          "z": -1.000000016
        },
        {
          "x": 2.61803403,
          "y": -5.23606806,
          "z": 1.000000016
        },
        {
          "x": 1.000000016,
          "y": -5.854102057,
          "z": 0
        }
      ],
      "faces": [
        {
          "vertices": [
            0,
            1,
            2
          ]
        },
        {
          "vertices": [
            0,
            2,
            1
          ]
        }
      ]
    },
    {
      "id": "572eb06e-a451-41a1-9daf-c03727388fde",
      "vertices": [
        {
          "x": -3.236068028,
          "y": -4.236067808,
          "z": -2.61803403
        },
        {
          "x": -2.61803403,
          "y": -3.236068028,
          "z": -4.236067808
        },
        {
          "x": -1.000000016,
          "y": -4.406888722,
          "z": -4.341640713
        },
        {
          "x": -1.618034014,
          "y": -5.406888266,
          "z": -2.723606699
        }
      ],
      "faces": [
        {
          "vertices": [
            0,
            1,
            2
          ]
        },
        {
          "vertices": [
            0,
            2,
            3
          ]
        },
        {
          "vertices": [
            0,
            3,
            2
          ]
        },
        {
          "vertices": [
            0,
            2,
            1
          ]
        }
      ]
    },
    {
      "id": "c71ef390-6117-4f4a-a92f-dd8b4766f40d",
      "vertices": [
        {
          "x": -5.23606806,
          "y": 1.000000016,
          "z": 2.61803403
        },
        {
          "x": -4.341640713,
          "y": 1.000000016,
          "z": 4.406888722
        },
        {
          "x": -4.236067808,
          "y": 2.61803403,
          "z": 3.236068028
        }
      ],
      "faces": [
        {
          "vertices": [
            0,
            1,
            2
          ]
        },
        {
          "vertices": [
            0,
            2,
            1
          ]
        }
      ]
    },
    {
      "id": "0202b91b-8fa7-4acd-84cf-821b22bcb751",
      "vertices": [
        {
          "x": -4.236067808,
          "y": -2.61803403,
          "z": 3.236068028
        },
        {
          "x": -4.341640713,
          "y": -1.000000016,
          "z": 4.406888722
        },
        {
          "x": -5.23606806,
          "y": -1.000000016,
          "z": 2.61803403
        }
      ],
      "faces": [
        {
          "vertices": [
            0,
            1,
            2
          ]
        },
        {
          "vertices": [
            0,
            2,
            1
          ]
        }
      ]
    },
    {
      "id": "c0bde135-eb62-4d45-8c4b-831311c55ff7",
      "vertices": [
        {
          "x": 0,
          "y": 1.000000016,
          "z": 5.854102057
        },
        {
          "x": -1.723606919,
          "y": 0,
          "z": 6.024922264
        },
        {
          "x": 0,
          "y": -1.000000016,
          "z": 5.854102057
        }
      ],
      "faces": [
        {
          "vertices": [
            0,
            1,
            2
          ]
        },
        {
          "vertices": [
            0,
            2,
            1
          ]
        }
      ]
    },
    {
      "id": "14cf3ae4-b10b-4441-a0bd-388f3f28bbd6",
      "vertices": [
        {
          "x": 2.61803403,
          "y": 5.23606806,
          "z": 1.000000016
        },
        {
          "x": 2.61803403,
          "y": 5.23606806,
          "z": -1.000000016
        },
        {
          "x": 1.000000016,
          "y": 5.854102057,
          "z": 0
        }
      ],
      "faces": [
        {
          "vertices": [
            0,
            1,
            2
          ]
        },
        {
          "vertices": [
            0,
            2,
            1
          ]
        }
      ]
    },
    {
      "id": "8eba5d9a-d1e1-43ba-856c-60ef60117132",
      "vertices": [
        {
          "x": 1.000000016,
          "y": -5.854102057,
          "z": 0
        },
        {
          "x": 0,
          "y": -6.024922264,
          "z": -1.723606919
        },
        {
          "x": 1.618034014,
          "y": -5.406888266,
          "z": -2.723606699
        },
        {
          "x": 2.61803403,
          "y": -5.23606806,
          "z": -1.000000016
        }
      ],
      "faces": [
        {
          "vertices": [
            0,
            1,
            2
          ]
        },
        {
          "vertices": [
            0,
            2,
            3
          ]
        },
        {
          "vertices": [
            0,
            3,
            2
          ]
        },
        {
          "vertices": [
            0,
            2,
            1
          ]
        }
      ]
    },
    {
      "id": "c8a030d0-932d-463c-aa29-9f2ecae567ce",
      "vertices": [
        {
          "x": -5.23606806,
          "y": 1.000000016,
          "z": -2.61803403
        },
        {
          "x": -5.23606806,
          "y": -1.000000016,
          "z": -2.61803403
        },
        {
          "x": -5.854102057,
          "y": 0,
          "z": -1.000000016
        }
      ],
      "faces": [
        {
          "vertices": [
            0,
            1,
            2
          ]
        },
        {
          "vertices": [
            0,
            2,
            1
          ]
        }
      ]
    },
    {
      "id": "16620de4-385a-4abe-b6c8-433c6b9d84fe",
      "vertices": [
        {
          "x": -4.236067808,
          "y": 2.61803403,
          "z": 3.236068028
        },
        {
          "x": -4.341640713,
          "y": 1.000000016,
          "z": 4.406888722
        },
        {
          "x": -2.723606699,
          "y": 1.618034014,
          "z": 5.406888266
        },
        {
          "x": -2.61803403,
          "y": 3.236068028,
          "z": 4.236067808
        }
      ],
      "faces": [
        {
          "vertices": [
            0,
            1,
            2
          ]
        },
        {
          "vertices": [
            0,
            2,
            3
          ]
        },
        {
          "vertices": [
            0,
            3,
            2
          ]
        },
        {
          "vertices": [
            0,
            2,
            1
          ]
        }
      ]
    },
    {
      "id": "7f27ff6e-73e8-4f90-b667-e997c00076ef",
      "vertices": [
        {
          "x": -1.000000016,
          "y": -4.406888722,
          "z": -4.341640713
        },
        {
          "x": -2.61803403,
          "y": -3.236068028,
          "z": -4.236067808
        },
        {
          "x": -1.000000016,
          "y": -2.61803403,
          "z": -5.23606806
        }
      ],
      "faces": [
        {
          "vertices": [
            0,
            1,
            2
          ]
        },
        {
          "vertices": [
            0,
            2,
            1
          ]
        }
      ]
    },
    {
      "id": "f4788596-55ae-4c68-8b8d-b509be025541",
      "vertices": [
        {
          "x": 2.61803403,
          "y": 3.236068028,
          "z": -4.236067808
        },
        {
          "x": 1.000000016,
          "y": 4.406888722,
          "z": -4.341640713
        },
        {
          "x": 1.618034014,
          "y": 5.406888266,
          "z": -2.723606699
        },
        {
          "x": 3.236068028,
          "y": 4.236067808,
          "z": -2.61803403
        }
      ],
      "faces": [
        {
          "vertices": [
            0,
            1,
            2
          ]
        },
        {
          "vertices": [
            0,
            2,
            3
          ]
        },
        {
          "vertices": [
            0,
            3,
            2
          ]
        },
        {
          "vertices": [
            0,
            2,
            1
          ]
        }
      ]
    },
    {
      "id": "263bc2a8-12a9-4761-970b-a25d6c06b03b",
      "vertices": [
        {
          "x": -1.000000016,
          "y": -4.406888722,
          "z": -4.341640713
        },
        {
          "x": -1.000000016,
          "y": -2.61803403,
          "z": -5.23606806
        },
        {
          "x": 1.000000016,
          "y": -2.61803403,
          "z": -5.23606806
        },
        {
          "x": 1.000000016,
          "y": -4.406888722,
          "z": -4.341640713
        }
      ],
      "faces": [
        {
          "vertices": [
            0,
            1,
            2
          ]
        },
        {
          "vertices": [
            0,
            2,
            3
          ]
        },
        {
          "vertices": [
            0,
            3,
            2
          ]
        },
        {
          "vertices": [
            0,
            2,
            1
          ]
        }
      ]
    },
    {
      "id": "316368ae-4263-4971-a750-e69684ff3499",
      "vertices": [
        {
          "x": 4.236067808,
          "y": -2.61803403,
          "z": -3.236068028
        },
        {
          "x": 3.236068028,
          "y": -4.236067808,
          "z": -2.61803403
        },
        {
          "x": 2.61803403,
          "y": -3.236068028,
          "z": -4.236067808
        }
      ],
      "faces": [
        {
          "vertices": [
            0,
            1,
            2
          ]
        },
        {
          "vertices": [
            0,
            2,
            1
          ]
        }
      ]
    },
    {
      "id": "7a83d3ef-0b41-4a6b-b478-8b5a7231369f",
      "vertices": [
        {
          "x": 5.854102057,
          "y": 0,
          "z": -1.000000016
        },
        {
          "x": 5.23606806,
          "y": 1.000000016,
          "z": -2.61803403
        },
        {
          "x": 5.23606806,
          "y": -1.000000016,
          "z": -2.61803403
        }
      ],
      "faces": [
        {
          "vertices": [
            0,
            1,
            2
          ]
        },
        {
          "vertices": [
            0,
            2,
            1
          ]
        }
      ]
    },
    {
      "id": "4d775ef2-7cfd-445e-b98c-135f045a02f6",
      "vertices": [
        {
          "x": 1.000000016,
          "y": -4.406888722,
          "z": -4.341640713
        },
        {
          "x": 1.000000016,
          "y": -2.61803403,
          "z": -5.23606806
        },
        {
          "x": 2.61803403,
          "y": -3.236068028,
          "z": -4.236067808
        }
      ],
      "faces": [
        {
          "vertices": [
            0,
            1,
            2
          ]
        },
        {
          "vertices": [
            0,
            2,
            1
          ]
        }
      ]
    },
    {
      "id": "788869e5-4de4-447a-b7e3-877d40a4a7c0",
      "vertices": [
        {
          "x": -1.000000016,
          "y": 2.61803403,
          "z": 5.23606806
        },
        {
          "x": 1.000000016,
          "y": 2.61803403,
          "z": 5.23606806
        },
        {
          "x": 2.61803403,
          "y": 3.236068028,
          "z": 4.236067808
        },
        {
          "x": 3.236068028,
          "y": 4.236067808,
          "z": 2.61803403
        },
        {
          "x": 2.61803403,
          "y": 5.23606806,
          "z": 1.000000016
        },
        {
          "x": 1.000000016,
          "y": 5.854102057,
          "z": 0
        },
        {
          "x": -1.000000016,
          "y": 5.854102057,
          "z": 0
        },
        {
          "x": -2.61803403,
          "y": 5.23606806,
          "z": 1.000000016
        },
        {
          "x": -3.236068028,
          "y": 4.236067808,
          "z": 2.61803403
        },
        {
          "x": -2.61803403,
          "y": 3.236068028,
          "z": 4.236067808
        }
      ],
      "faces": [
        {
          "vertices": [
            0,
            1,
            2
          ]
        },
        {
          "vertices": [
            0,
            2,
            3
          ]
        },
        {
          "vertices": [
            0,
            3,
            4
          ]
        },
        {
          "vertices": [
            0,
            4,
            5
          ]
        },
        {
          "vertices": [
            0,
            5,
            6
          ]
        },
        {
          "vertices": [
            0,
            6,
            7
          ]
        },
        {
          "vertices": [
            0,
            7,
            8
          ]
        },
        {
          "vertices": [
            0,
            8,
            9
          ]
        },
        {
          "vertices": [
            0,
            9,
            8
          ]
        },
        {
          "vertices": [
            0,
            8,
            7
          ]
        },
        {
          "vertices": [
            0,
            7,
            6
          ]
        },
        {
          "vertices": [
            0,
            6,
            5
          ]
        },
        {
          "vertices": [
            0,
            5,
            4
          ]
        },
        {
          "vertices": [
            0,
            4,
            3
          ]
        },
        {
          "vertices": [
            0,
            3,
            2
          ]
        },
        {
          "vertices": [
            0,
            2,
            1
          ]
        }
      ]
    },
    {
      "id": "dbdc444b-4b8c-4fa6-a592-b0c3105c5f0d",
      "vertices": [
        {
          "x": -5.23606806,
          "y": 1.000000016,
          "z": -2.61803403
        },
        {
          "x": -5.854102057,
          "y": 0,
          "z": -1.000000016
        },
        {
          "x": -5.854102057,
          "y": 0,
          "z": 1.000000016
        },
        {
          "x": -5.23606806,
          "y": 1.000000016,
          "z": 2.61803403
        },
        {
          "x": -4.236067808,
          "y": 2.61803403,
          "z": 3.236068028
        },
        {
          "x": -3.236068028,
          "y": 4.236067808,
          "z": 2.61803403
        },
        {
          "x": -2.61803403,
          "y": 5.23606806,
          "z": 1.000000016
        },
        {
          "x": -2.61803403,
          "y": 5.23606806,
          "z": -1.000000016
        },
        {
          "x": -3.236068028,
          "y": 4.236067808,
          "z": -2.61803403
        },
        {
          "x": -4.236067808,
          "y": 2.61803403,
          "z": -3.236068028
        }
      ],
      "faces": [
        {
          "vertices": [
            0,
            1,
            2
          ]
        },
        {
          "vertices": [
            0,
            2,
            3
          ]
        },
        {
          "vertices": [
            0,
            3,
            4
          ]
        },
        {
          "vertices": [
            0,
            4,
            5
          ]
        },
        {
          "vertices": [
            0,
            5,
            6
          ]
        },
        {
          "vertices": [
            0,
            6,
            7
          ]
        },
        {
          "vertices": [
            0,
            7,
            8
          ]
        },
        {
          "vertices": [
            0,
            8,
            9
          ]
        },
        {
          "vertices": [
            0,
            9,
            8
          ]
        },
        {
          "vertices": [
            0,
            8,
            7
          ]
        },
        {
          "vertices": [
            0,
            7,
            6
          ]
        },
        {
          "vertices": [
            0,
            6,
            5
          ]
        },
        {
          "vertices": [
            0,
            5,
            4
          ]
        },
        {
          "vertices": [
            0,
            4,
            3
          ]
        },
        {
          "vertices": [
            0,
            3,
            2
          ]
        },
        {
          "vertices": [
            0,
            2,
            1
          ]
        }
      ]
    },
    {
