{
  "field" : "golden",
  "symmetry" : "icosahedral",
  "orientations" : [ [ 1.0, 0.0, 0.0, 0.0, 0.0, 1.0, 0.0, 0.0, 0.0, 0.0, 1.0, 0.0, 0.0, 0.0, 0.0, 1.0 ], [ 0.0, 0.0, 1.0, 0.0, 1.0, 0.0, 0.0, 0.0, 0.0, 1.0, 0.0, 0.0, 0.0, 0.0, 0.0, 1.0 ], [ 0.0, 1.0, 0.0, 0.0, 0.0, 0.0, 1.0, 0.0, 1.0, 0.0, 0.0, 0.0, 0.0, 0.0, 0.0, 1.0 ], [ 0.809017, 0.309017, 0.5, 0.0, 0.309017, 0.5, -0.809017, 0.0, -0.5, 0.809017, 0.309017, 0.0, 0.0, 0.0, 0.0, 1.0 ], [ -0.5, 0.809017, 0.309017, 0.0, 0.809017, 0.309017, 0.5, 0.0, 0.309017, 0.5, -0.809017, 0.0, 0.0, 0.0, 0.0, 1.0 ], [ 0.309017, 0.5, -0.809017, 0.0, -0.5, 0.809017, 0.309017, 0.0, 0.809017, 0.309017, 0.5, 0.0, 0.0, 0.0, 0.0, 1.0 ], [ 0.5, 0.809017, 0.309017, 0.0, 0.809017, -0.309017, -0.5, 0.0, -0.309017, 0.5, -0.809017, 0.0, 0.0, 0.0, 0.0, 1.0 ], [ -0.309017, 0.5, -0.809017, 0.0, 0.5, 0.809017, 0.309017, 0.0, 0.809017, -0.309017, -0.5, 0.0, 0.0, 0.0, 0.0, 1.0 ], [ 0.809017, -0.309017, -0.5, 0.0, -0.309017, 0.5, -0.809017, 0.0, 0.5, 0.809017, 0.309017, 0.0, 0.0, 0.0, 0.0, 1.0 ], [ 0.5, 0.809017, -0.309017, 0.0, 0.809017, -0.309017, 0.5, 0.0, 0.309017, -0.5, -0.809017, 0.0, 0.0, 0.0, 0.0, 1.0 ], [ 0.309017, -0.5, -0.809017, 0.0, 0.5, 0.809017, -0.309017, 0.0, 0.809017, -0.309017, 0.5, 0.0, 0.0, 0.0, 0.0, 1.0 ], [ 0.809017, -0.309017, 0.5, 0.0, 0.309017, -0.5, -0.809017, 0.0, 0.5, 0.809017, -0.309017, 0.0, 0.0, 0.0, 0.0, 1.0 ], [ 0.809017, 0.309017, -0.5, 0.0, 0.309017, 0.5, 0.809017, 0.0, 0.5, -0.809017, 0.309017, 0.0, 0.0, 0.0, 0.0, 1.0 ], [ 0.5, -0.809017, 0.309017, 0.0, 0.809017, 0.309017, -0.5, 0.0, 0.309017, 0.5, 0.809017, 0.0, 0.0, 0.0, 0.0, 1.0 ], [ 0.309017, 0.5, 0.809017, 0.0, 0.5, -0.809017, 0.309017, 0.0, 0.809017, 0.309017, -0.5, 0.0, 0.0, 0.0, 0.0, 1.0 ], [ 1.0, 0.0, 0.0, 0.0, 0.0, -1.0, 0.0, 0.0, 0.0, 0.0, -1.0, 0.0, 0.0, 0.0, 0.0, 1.0 ], [ 0.0, 0.0, 1.0, 0.0, -1.0, 0.0, 0.0, 0.0, 0.0, -1.0, 0.0, 0.0, 0.0, 0.0, 0.0, 1.0 ], [ 0.0, 1.0, 0.0, 0.0, 0.0, 0.0, -1.0, 0.0, -1.0, 0.0, 0.0, 0.0, 0.0, 0.0, 0.0, 1.0 ], [ 0.809017, 0.309017, 0.5, 0.0, -0.309017, -0.5, 0.809017, 0.0, 0.5, -0.809017, -0.309017, 0.0, 0.0, 0.0, 0.0, 1.0 ], [ -0.5, 0.809017, 0.309017, 0.0, -0.809017, -0.309017, -0.5, 0.0, -0.309017, -0.5, 0.809017, 0.0, 0.0, 0.0, 0.0, 1.0 ], [ 0.309017, 0.5, -0.809017, 0.0, 0.5, -0.809017, -0.309017, 0.0, -0.809017, -0.309017, -0.5, 0.0, 0.0, 0.0, 0.0, 1.0 ], [ 0.5, 0.809017, 0.309017, 0.0, -0.809017, 0.309017, 0.5, 0.0, 0.309017, -0.5, 0.809017, 0.0, 0.0, 0.0, 0.0, 1.0 ], [ -0.309017, 0.5, -0.809017, 0.0, -0.5, -0.809017, -0.309017, 0.0, -0.809017, 0.309017, 0.5, 0.0, 0.0, 0.0, 0.0, 1.0 ], [ 0.809017, -0.309017, -0.5, 0.0, 0.309017, -0.5, 0.809017, 0.0, -0.5, -0.809017, -0.309017, 0.0, 0.0, 0.0, 0.0, 1.0 ], [ 0.5, 0.809017, -0.309017, 0.0, -0.809017, 0.309017, -0.5, 0.0, -0.309017, 0.5, 0.809017, 0.0, 0.0, 0.0, 0.0, 1.0 ], [ 0.309017, -0.5, -0.809017, 0.0, -0.5, -0.809017, 0.309017, 0.0, -0.809017, 0.309017, -0.5, 0.0, 0.0, 0.0, 0.0, 1.0 ], [ 0.809017, -0.309017, 0.5, 0.0, -0.309017, 0.5, 0.809017, 0.0, -0.5, -0.809017, 0.309017, 0.0, 0.0, 0.0, 0.0, 1.0 ], [ 0.809017, 0.309017, -0.5, 0.0, -0.309017, -0.5, -0.809017, 0.0, -0.5, 0.809017, -0.309017, 0.0, 0.0, 0.0, 0.0, 1.0 ], [ 0.5, -0.809017, 0.309017, 0.0, -0.809017, -0.309017, 0.5, 0.0, -0.309017, -0.5, -0.809017, 0.0, 0.0, 0.0, 0.0, 1.0 ], [ 0.309017, 0.5, 0.809017, 0.0, -0.5, 0.809017, -0.309017, 0.0, -0.809017, -0.309017, 0.5, 0.0, 0.0, 0.0, 0.0, 1.0 ], [ -1.0, 0.0, 0.0, 0.0, 0.0, -1.0, 0.0, 0.0, 0.0, 0.0, 1.0, 0.0, 0.0, 0.0, 0.0, 1.0 ], [ 0.0, 0.0, -1.0, 0.0, -1.0, 0.0, 0.0, 0.0, 0.0, 1.0, 0.0, 0.0, 0.0, 0.0, 0.0, 1.0 ], [ 0.0, -1.0, 0.0, 0.0, 0.0, 0.0, -1.0, 0.0, 1.0, 0.0, 0.0, 0.0, 0.0, 0.0, 0.0, 1.0 ], [ -0.809017, -0.309017, -0.5, 0.0, -0.309017, -0.5, 0.809017, 0.0, -0.5, 0.809017, 0.309017, 0.0, 0.0, 0.0, 0.0, 1.0 ], [ 0.5, -0.809017, -0.309017, 0.0, -0.809017, -0.309017, -0.5, 0.0, 0.309017, 0.5, -0.809017, 0.0, 0.0, 0.0, 0.0, 1.0 ], [ -0.309017, -0.5, 0.809017, 0.0, 0.5, -0.809017, -0.309017, 0.0, 0.809017, 0.309017, 0.5, 0.0, 0.0, 0.0, 0.0, 1.0 ], [ -0.5, -0.809017, -0.309017, 0.0, -0.809017, 0.309017, 0.5, 0.0, -0.309017, 0.5, -0.809017, 0.0, 0.0, 0.0, 0.0, 1.0 ], [ 0.309017, -0.5, 0.809017, 0.0, -0.5, -0.809017, -0.309017, 0.0, 0.809017, -0.309017, -0.5, 0.0, 0.0, 0.0, 0.0, 1.0 ], [ -0.809017, 0.309017, 0.5, 0.0, 0.309017, -0.5, 0.809017, 0.0, 0.5, 0.809017, 0.309017, 0.0, 0.0, 0.0, 0.0, 1.0 ], [ -0.5, -0.809017, 0.309017, 0.0, -0.809017, 0.309017, -0.5, 0.0, 0.309017, -0.5, -0.809017, 0.0, 0.0, 0.0, 0.0, 1.0 ], [ -0.309017, 0.5, 0.809017, 0.0, -0.5, -0.809017, 0.309017, 0.0, 0.809017, -0.309017, 0.5, 0.0, 0.0, 0.0, 0.0, 1.0 ], [ -0.809017, 0.309017, -0.5, 0.0, -0.309017, 0.5, 0.809017, 0.0, 0.5, 0.809017, -0.309017, 0.0, 0.0, 0.0, 0.0, 1.0 ], [ -0.809017, -0.309017, 0.5, 0.0, -0.309017, -0.5, -0.809017, 0.0, 0.5, -0.809017, 0.309017, 0.0, 0.0, 0.0, 0.0, 1.0 ], [ -0.5, 0.809017, -0.309017, 0.0, -0.809017, -0.309017, 0.5, 0.0, 0.309017, 0.5, 0.809017, 0.0, 0.0, 0.0, 0.0, 1.0 ], [ -0.309017, -0.5, -0.809017, 0.0, -0.5, 0.809017, -0.309017, 0.0, 0.809017, 0.309017, -0.5, 0.0, 0.0, 0.0, 0.0, 1.0 ], [ -1.0, 0.0, 0.0, 0.0, 0.0, 1.0, 0.0, 0.0, 0.0, 0.0, -1.0, 0.0, 0.0, 0.0, 0.0, 1.0 ], [ 0.0, 0.0, -1.0, 0.0, 1.0, 0.0, 0.0, 0.0, 0.0, -1.0, 0.0, 0.0, 0.0, 0.0, 0.0, 1.0 ], [ 0.0, -1.0, 0.0, 0.0, 0.0, 0.0, 1.0, 0.0, -1.0, 0.0, 0.0, 0.0, 0.0, 0.0, 0.0, 1.0 ], [ -0.809017, -0.309017, -0.5, 0.0, 0.309017, 0.5, -0.809017, 0.0, 0.5, -0.809017, -0.309017, 0.0, 0.0, 0.0, 0.0, 1.0 ], [ 0.5, -0.809017, -0.309017, 0.0, 0.809017, 0.309017, 0.5, 0.0, -0.309017, -0.5, 0.809017, 0.0, 0.0, 0.0, 0.0, 1.0 ], [ -0.309017, -0.5, 0.809017, 0.0, -0.5, 0.809017, 0.309017, 0.0, -0.809017, -0.309017, -0.5, 0.0, 0.0, 0.0, 0.0, 1.0 ], [ -0.5, -0.809017, -0.309017, 0.0, 0.809017, -0.309017, -0.5, 0.0, 0.309017, -0.5, 0.809017, 0.0, 0.0, 0.0, 0.0, 1.0 ], [ 0.309017, -0.5, 0.809017, 0.0, 0.5, 0.809017, 0.309017, 0.0, -0.809017, 0.309017, 0.5, 0.0, 0.0, 0.0, 0.0, 1.0 ], [ -0.809017, 0.309017, 0.5, 0.0, -0.309017, 0.5, -0.809017, 0.0, -0.5, -0.809017, -0.309017, 0.0, 0.0, 0.0, 0.0, 1.0 ], [ -0.5, -0.809017, 0.309017, 0.0, 0.809017, -0.309017, 0.5, 0.0, -0.309017, 0.5, 0.809017, 0.0, 0.0, 0.0, 0.0, 1.0 ], [ -0.309017, 0.5, 0.809017, 0.0, 0.5, 0.809017, -0.309017, 0.0, -0.809017, 0.309017, -0.5, 0.0, 0.0, 0.0, 0.0, 1.0 ], [ -0.809017, 0.309017, -0.5, 0.0, 0.309017, -0.5, -0.809017, 0.0, -0.5, -0.809017, 0.309017, 0.0, 0.0, 0.0, 0.0, 1.0 ], [ -0.809017, -0.309017, 0.5, 0.0, 0.309017, 0.5, 0.809017, 0.0, -0.5, 0.809017, -0.309017, 0.0, 0.0, 0.0, 0.0, 1.0 ], [ -0.5, 0.809017, -0.309017, 0.0, 0.809017, 0.309017, -0.5, 0.0, -0.309017, -0.5, -0.809017, 0.0, 0.0, 0.0, 0.0, 1.0 ], [ -0.309017, -0.5, -0.809017, 0.0, 0.5, -0.809017, 0.309017, 0.0, -0.809017, -0.309017, 0.5, 0.0, 0.0, 0.0, 0.0, 1.0 ] ],
  "lights" : {
    "backgroundColor" : "#AFC8DC",
    "ambientColor" : "#292929",
    "directionalLights" : [ {
      "direction" : [ 1.0, -1.0, -1.0 ],
      "color" : "#EBEBE4"
    }, {
      "direction" : [ -1.0, 0.0, 0.0 ],
      "color" : "#E4E4EB"
    }, {
      "direction" : [ 0.0, 0.0, -1.0 ],
      "color" : "#1E1E1E"
    } ]
  },
  "camera" : {
    "width" : 22.429384,
    "position" : {
      "x" : 0.0,
      "y" : 0.0,
      "z" : 49.84307
    },
    "nearClipDistance" : 0.124607764,
    "perspective" : false,
    "farClipDistance" : 99.68614,
    "viewDistance" : 49.84307,
    "lookAtPoint" : {
      "x" : 0.0,
      "y" : 0.0,
      "z" : 0.0
    },
    "fieldOfView" : 0.44262892,
    "lookDirection" : {
      "x" : 0.0,
      "y" : 0.0,
      "z" : -1.0
    },
    "stereo" : false,
    "upDirection" : {
      "x" : 0.0,
      "y" : 1.0,
      "z" : 0.0
    }
  },
  "embedding" : [ 1.0, 0.0, 0.0, 0.0, 0.0, 1.0, 0.0, 0.0, 0.0, 0.0, 1.0, 0.0, 0.0, 0.0, 0.0, 1.0 ],
  "shapes" : [ ],
  "instances" : [ {
    "shape" : "f4fd884d-009f-4e02-a739-21a52851ab91",
    "color" : "#D77F7F",
    "position" : {
      "x" : 0.0,
      "y" : 0.0,
      "z" : 0.0
    }
  }, {
    "shape" : "a974a470-f5f0-4081-9dd6-aa28e53ed768",
    "color" : "#007695",
    "position" : {
      "x" : -4.236068,
      "y" : -3.6967232,
      "z" : 4.5694013
    },
    "orientation" : 0
  }, {
    "shape" : "a974a470-f5f0-4081-9dd6-aa28e53ed768",
    "color" : "#007695",
    "position" : {
      "x" : 6.854102,
      "y" : 0.53934467,
      "z" : -2.2847006
    },
    "orientation" : 40
  }, {
    "shape" : "f1079e68-afdb-4436-9c6b-df3eb44ca60f",
    "color" : "#F7CF7F",
    "position" : {
      "x" : 0.0,
      "y" : 0.0,
      "z" : 0.0
    }
  }, {
    "shape" : "a974a470-f5f0-4081-9dd6-aa28e53ed768",
    "color" : "#007695",
    "position" : {
      "x" : 0.0,
      "y" : 3.1573787,
      "z" : 1.9513674
    },
    "orientation" : 47
  }, {
    "shape" : "a974a470-f5f0-4081-9dd6-aa28e53ed768",
    "color" : "#007695",
    "position" : {
      "x" : -6.854102,
      "y" : 0.53934467,
      "z" : -2.2847006
    },
    "orientation" : 37
  }, {
    "shape" : "a7e65692-e4e8-4f74-b808-2872b4316831",
    "color" : "#FFFFFF",
    "position" : {
      "x" : 0.0,
      "y" : 3.1573787,
      "z" : 1.9513674
    }
  }, {
    "shape" : "a974a470-f5f0-4081-9dd6-aa28e53ed768",
    "color" : "#007695",
    "position" : {
      "x" : 6.854102,
      "y" : 0.53934467,
      "z" : -2.2847006
    },
    "orientation" : 38
  }, {
    "shape" : "a7e65692-e4e8-4f74-b808-2872b4316831",
    "color" : "#FFFFFF",
    "position" : {
      "x" : -6.854102,
      "y" : 0.53934467,
      "z" : -2.2847006
    }
  }, {
    "shape" : "2bd42535-f52a-49f5-8970-ff7c05cc7869",
    "color" : "#F7CF7F",
    "position" : {
      "x" : 0.0,
      "y" : 0.0,
      "z" : 0.0
    }
  }, {
    "shape" : "a974a470-f5f0-4081-9dd6-aa28e53ed768",
    "color" : "#007695",
    "position" : {
      "x" : -6.854102,
      "y" : 0.53934467,
      "z" : -2.2847006
    },
    "orientation" : 11
  }, {
    "shape" : "a974a470-f5f0-4081-9dd6-aa28e53ed768",
    "color" : "#007695",
    "position" : {
      "x" : 0.0,
      "y" : 3.1573787,
      "z" : -6.5207686
    },
    "orientation" : 41
  }, {
    "shape" : "5a454237-3175-4cc4-8352-e5e0e0b5c219",
    "color" : "#F7CF7F",
    "position" : {
      "x" : 0.0,
      "y" : 0.0,
      "z" : 0.0
    }
  }, {
    "shape" : "a7e65692-e4e8-4f74-b808-2872b4316831",
    "color" : "#FFFFFF",
    "position" : {
      "x" : -4.236068,
      "y" : -3.6967232,
      "z" : 4.5694013
    }
  }, {
    "shape" : "a7e65692-e4e8-4f74-b808-2872b4316831",
    "color" : "#FFFFFF",
    "position" : {
      "x" : 0.0,
      "y" : 3.1573787,
      "z" : -6.5207686
    }
  }, {
    "shape" : "a974a470-f5f0-4081-9dd6-aa28e53ed768",
    "color" : "#007695",
    "position" : {
      "x" : 0.0,
      "y" : 3.1573787,
      "z" : 1.9513674
    },
    "orientation" : 21
  }, {
    "shape" : "5b12e850-941f-421e-adc2-03c05952ef9d",
    "color" : "#F7CF7F",
    "position" : {
      "x" : 0.0,
      "y" : 0.0,
      "z" : 0.0
    }
  }, {
    "shape" : "060b7d16-83d2-4a86-baba-8792788e4a75",
    "color" : "#F7CF7F",
    "position" : {
      "x" : 0.0,
      "y" : 0.0,
      "z" : 0.0
    }
  }, {
    "shape" : "a7e65692-e4e8-4f74-b808-2872b4316831",
    "color" : "#FFFFFF",
    "position" : {
      "x" : 4.236068,
      "y" : -3.6967232,
      "z" : 4.5694013
    }
  }, {
    "shape" : "a974a470-f5f0-4081-9dd6-aa28e53ed768",
    "color" : "#007695",
    "position" : {
      "x" : 6.854102,
      "y" : 0.53934467,
      "z" : -2.2847006
    },
    "orientation" : 56
  }, {
    "shape" : "a7e65692-e4e8-4f74-b808-2872b4316831",
    "color" : "#FFFFFF",
    "position" : {
      "x" : 6.854102,
      "y" : 0.53934467,
      "z" : -2.2847006
    }
  }, {
    "shape" : "a974a470-f5f0-4081-9dd6-aa28e53ed768",
    "color" : "#007695",
    "position" : {
      "x" : -4.236068,
      "y" : -3.6967232,
      "z" : 4.5694013
    },
    "orientation" : 6
  } ],
  "scenes" : [ {
    "title" : "Faces",
    "content" : "",
    "view" : {
      "width" : 22.429384,
      "position" : {
        "x" : 0.0,
        "y" : 0.0,
        "z" : 49.84307
      },
      "nearClipDistance" : 0.124607764,
      "perspective" : true,
      "farClipDistance" : 99.68614,
      "viewDistance" : 49.84307,
      "lookAtPoint" : {
        "x" : 0.0,
        "y" : 0.0,
        "z" : 0.0
      },
      "fieldOfView" : 0.44262892,
      "lookDirection" : {
        "x" : 0.0,
        "y" : 0.0,
        "z" : -1.0
      },
      "stereo" : false,
      "upDirection" : {
        "x" : 0.0,
        "y" : 1.0,
        "z" : 0.0
      }
    },
    "snapshot" : 7
  }, {
    "title" : "Edges",
    "content" : "",
    "view" : {
      "width" : 22.429384,
      "position" : {
        "x" : 0.0,
        "y" : 0.0,
        "z" : 49.84307
      },
      "nearClipDistance" : 0.124607764,
      "perspective" : true,
      "farClipDistance" : 99.68614,
      "viewDistance" : 49.84307,
      "lookAtPoint" : {
        "x" : 0.0,
        "y" : 0.0,
        "z" : 0.0
      },
      "fieldOfView" : 0.44262892,
      "lookDirection" : {
        "x" : 0.0,
        "y" : 0.0,
        "z" : -1.0
      },
      "stereo" : false,
      "upDirection" : {
        "x" : 0.0,
        "y" : 1.0,
        "z" : 0.0
      }
    },
    "snapshot" : 6
  } ],
  "snapshots" : [ [ {
    "shape" : "00615779-1ecd-4480-9cb8-528d25d587dc",
    "color" : "#F7CF7F",
    "position" : {
      "x" : 0.0,
      "y" : 0.0,
      "z" : 0.0
    },
    "orientation" : 0
  }, {
    "shape" : "a974a470-f5f0-4081-9dd6-aa28e53ed768",
    "color" : "#007695",
    "position" : {
      "x" : -6.854102,
      "y" : -0.53934467,
      "z" : 2.2847006
    },
    "orientation" : 26
  }, {
    "shape" : "a974a470-f5f0-4081-9dd6-aa28e53ed768",
    "color" : "#007695",
    "position" : {
      "x" : -6.854102,
      "y" : -0.53934467,
      "z" : 2.2847006
    },
    "orientation" : 52
  }, {
    "shape" : "a7e65692-e4e8-4f74-b808-2872b4316831",
    "color" : "#FFFFFF",
    "position" : {
      "x" : 0.0,
      "y" : 0.0,
      "z" : 0.0
    },
    "orientation" : 0
  }, {
    "shape" : "a7e65692-e4e8-4f74-b808-2872b4316831",
    "color" : "#FFFFFF",
    "position" : {
      "x" : 6.854102,
      "y" : -0.53934467,
      "z" : 2.2847006
    },
    "orientation" : 0
  }, {
    "shape" : "a974a470-f5f0-4081-9dd6-aa28e53ed768",
    "color" : "#007695",
    "position" : {
      "x" : -6.854102,
      "y" : -0.53934467,
      "z" : 2.2847006
    },
    "orientation" : 8
  }, {
    "shape" : "a974a470-f5f0-4081-9dd6-aa28e53ed768",
    "color" : "#007695",
    "position" : {
      "x" : 0.0,
      "y" : -3.1573787,
      "z" : 6.5207686
    },
    "orientation" : 47
  }, {
    "shape" : "a7e65692-e4e8-4f74-b808-2872b4316831",
    "color" : "#FFFFFF",
    "position" : {
      "x" : -4.236068,
      "y" : 3.6967232,
      "z" : -4.5694013
    },
    "orientation" : 0
  }, {
    "shape" : "f5413ac0-6fe0-4dd5-8447-3da11238c6d1",
    "color" : "#F7CF7F",
    "position" : {
      "x" : 0.0,
      "y" : 0.0,
      "z" : 0.0
    },
    "orientation" : 0
  }, {
    "shape" : "6f6e205a-33d8-418b-bc1a-30b360dd1190",
    "color" : "#F7CF7F",
    "position" : {
      "x" : 0.0,
      "y" : 0.0,
      "z" : 0.0
    },
    "orientation" : 0
  }, {
    "shape" : "a7e65692-e4e8-4f74-b808-2872b4316831",
    "color" : "#FFFFFF",
    "position" : {
      "x" : 4.236068,
      "y" : 3.6967232,
      "z" : -4.5694013
    },
    "orientation" : 0
  }, {
    "shape" : "a7e65692-e4e8-4f74-b808-2872b4316831",
    "color" : "#FFFFFF",
    "position" : {
      "x" : 0.0,
      "y" : -3.1573787,
      "z" : -1.9513674
    },
    "orientation" : 0
  }, {
    "shape" : "a974a470-f5f0-4081-9dd6-aa28e53ed768",
    "color" : "#007695",
    "position" : {
      "x" : 4.236068,
      "y" : 3.6967232,
      "z" : -4.5694013
    },
    "orientation" : 39
  }, {
    "shape" : "1f12ea7b-c717-49f6-8973-72170223f34b",
    "color" : "#F7CF7F",
    "position" : {
      "x" : 0.0,
      "y" : 0.0,
      "z" : 0.0
    },
    "orientation" : 0
  }, {
    "shape" : "5a3bba03-b9e3-4e4f-a742-65fb4521a25e",
    "color" : "#F7CF7F",
    "position" : {
      "x" : 0.0,
      "y" : 0.0,
      "z" : 0.0
    },
    "orientation" : 0
  }, {
    "shape" : "a7e65692-e4e8-4f74-b808-2872b4316831",
    "color" : "#FFFFFF",
    "position" : {
      "x" : 0.0,
      "y" : -3.1573787,
      "z" : 6.5207686
    },
    "orientation" : 0
  }, {
    "shape" : "a974a470-f5f0-4081-9dd6-aa28e53ed768",
    "color" : "#007695",
    "position" : {
      "x" : 4.236068,
      "y" : 3.6967232,
      "z" : -4.5694013
    },
    "orientation" : 37
  }, {
    "shape" : "a7e65692-e4e8-4f74-b808-2872b4316831",
    "color" : "#FFFFFF",
    "position" : {
      "x" : -6.854102,
      "y" : -0.53934467,
      "z" : 2.2847006
    },
    "orientation" : 0
  }, {
    "shape" : "a974a470-f5f0-4081-9dd6-aa28e53ed768",
    "color" : "#007695",
    "position" : {
      "x" : 6.854102,
      "y" : -0.53934467,
      "z" : 2.2847006
    },
    "orientation" : 41
  }, {
    "shape" : "a974a470-f5f0-4081-9dd6-aa28e53ed768",
    "color" : "#007695",
    "position" : {
      "x" : 6.854102,
      "y" : -0.53934467,
      "z" : 2.2847006
    },
    "orientation" : 53
  }, {
    "shape" : "66ca47f4-dac0-407b-847d-4f12599787b6",
    "color" : "#D77F7F",
    "position" : {
      "x" : 0.0,
      "y" : 0.0,
      "z" : 0.0
    },
    "orientation" : 0
  }, {
    "shape" : "a974a470-f5f0-4081-9dd6-aa28e53ed768",
    "color" : "#007695",
    "position" : {
      "x" : -4.236068,
      "y" : 3.6967232,
      "z" : -4.5694013
    },
    "orientation" : 21
  }, {
    "shape" : "a974a470-f5f0-4081-9dd6-aa28e53ed768",
    "color" : "#007695",
    "position" : {
      "x" : -4.236068,
      "y" : 3.6967232,
      "z" : -4.5694013
    },
    "orientation" : 0
  } ], [ {
    "shape" : "a974a470-f5f0-4081-9dd6-aa28e53ed768",
    "color" : "#007695",
    "position" : {
      "x" : 4.236068,
      "y" : 3.6967232,
      "z" : -4.5694013
    },
    "orientation" : 39
  }, {
    "shape" : "a974a470-f5f0-4081-9dd6-aa28e53ed768",
    "color" : "#007695",
    "position" : {
      "x" : 0.0,
      "y" : -3.1573787,
      "z" : 6.5207686
    },
    "orientation" : 47
  }, {
    "shape" : "a7e65692-e4e8-4f74-b808-2872b4316831",
    "color" : "#FFFFFF",
    "position" : {
      "x" : 6.854102,
      "y" : -0.53934467,
      "z" : 2.2847006
    },
    "orientation" : 0
  }, {
    "shape" : "a974a470-f5f0-4081-9dd6-aa28e53ed768",
    "color" : "#007695",
    "position" : {
      "x" : -4.236068,
      "y" : 3.6967232,
      "z" : -4.5694013
    },
    "orientation" : 21
  }, {
    "shape" : "a7e65692-e4e8-4f74-b808-2872b4316831",
    "color" : "#FFFFFF",
    "position" : {
      "x" : -6.854102,
      "y" : -0.53934467,
      "z" : 2.2847006
    },
    "orientation" : 0
  }, {
    "shape" : "a974a470-f5f0-4081-9dd6-aa28e53ed768",
    "color" : "#007695",
    "position" : {
      "x" : 4.236068,
      "y" : 3.6967232,
      "z" : -4.5694013
    },
    "orientation" : 37
  }, {
    "shape" : "a7e65692-e4e8-4f74-b808-2872b4316831",
    "color" : "#FFFFFF",
    "position" : {
      "x" : -4.236068,
      "y" : 3.6967232,
      "z" : -4.5694013
    },
    "orientation" : 0
  }, {
    "shape" : "66ca47f4-dac0-407b-847d-4f12599787b6",
    "color" : "#D77F7F",
    "position" : {
      "x" : 0.0,
      "y" : 0.0,
      "z" : 0.0
    },
    "orientation" : 0
  }, {
    "shape" : "a974a470-f5f0-4081-9dd6-aa28e53ed768",
    "color" : "#007695",
    "position" : {
      "x" : -6.854102,
      "y" : -0.53934467,
      "z" : 2.2847006
    },
    "orientation" : 52
  }, {
    "shape" : "a7e65692-e4e8-4f74-b808-2872b4316831",
    "color" : "#FFFFFF",
    "position" : {
      "x" : 0.0,
      "y" : -3.1573787,
      "z" : -1.9513674
    },
    "orientation" : 0
  }, {
    "shape" : "a974a470-f5f0-4081-9dd6-aa28e53ed768",
    "color" : "#007695",
    "position" : {
      "x" : -6.854102,
      "y" : -0.53934467,
      "z" : 2.2847006
    },
    "orientation" : 8
  }, {
    "shape" : "a974a470-f5f0-4081-9dd6-aa28e53ed768",
    "color" : "#007695",
    "position" : {
      "x" : 6.854102,
      "y" : -0.53934467,
      "z" : 2.2847006
    },
    "orientation" : 41
  }, {
    "shape" : "a7e65692-e4e8-4f74-b808-2872b4316831",
    "color" : "#FFFFFF",
    "position" : {
      "x" : 0.0,
      "y" : -3.1573787,
      "z" : 6.5207686
    },
    "orientation" : 0
  }, {
    "shape" : "a7e65692-e4e8-4f74-b808-2872b4316831",
    "color" : "#FFFFFF",
    "position" : {
      "x" : 4.236068,
      "y" : 3.6967232,
      "z" : -4.5694013
    },
    "orientation" : 0
  }, {
    "shape" : "a974a470-f5f0-4081-9dd6-aa28e53ed768",
    "color" : "#007695",
    "position" : {
      "x" : -4.236068,
      "y" : 3.6967232,
      "z" : -4.5694013
    },
    "orientation" : 0
  }, {
    "shape" : "a974a470-f5f0-4081-9dd6-aa28e53ed768",
    "color" : "#007695",
    "position" : {
      "x" : -6.854102,
      "y" : -0.53934467,
      "z" : 2.2847006
    },
    "orientation" : 26
  }, {
    "shape" : "a974a470-f5f0-4081-9dd6-aa28e53ed768",
    "color" : "#007695",
    "position" : {
      "x" : 6.854102,
      "y" : -0.53934467,
      "z" : 2.2847006
    },
    "orientation" : 53
  } ], [ {
    "shape" : "a7e65692-e4e8-4f74-b808-2872b4316831",
    "color" : "#FFFFFF",
    "position" : {
      "x" : 6.854102,
      "y" : -0.53934467,
      "z" : 2.2847006
    },
    "orientation" : 0
  }, {
    "shape" : "a974a470-f5f0-4081-9dd6-aa28e53ed768",
    "color" : "#007695",
    "position" : {
      "x" : -6.854102,
      "y" : -0.53934467,
      "z" : 2.2847006
    },
    "orientation" : 52
  }, {
    "shape" : "a974a470-f5f0-4081-9dd6-aa28e53ed768",
    "color" : "#007695",
    "position" : {
      "x" : 4.236068,
      "y" : 3.6967232,
      "z" : -4.5694013
    },
    "orientation" : 39
  }, {
    "shape" : "a974a470-f5f0-4081-9dd6-aa28e53ed768",
    "color" : "#007695",
    "position" : {
      "x" : -6.854102,
      "y" : -0.53934467,
      "z" : 2.2847006
    },
    "orientation" : 26
  }, {
    "shape" : "a974a470-f5f0-4081-9dd6-aa28e53ed768",
    "color" : "#007695",
    "position" : {
      "x" : 6.854102,
      "y" : -0.53934467,
      "z" : 2.2847006
    },
    "orientation" : 53
  }, {
    "shape" : "a974a470-f5f0-4081-9dd6-aa28e53ed768",
    "color" : "#007695",
    "position" : {
      "x" : -6.854102,
      "y" : -0.53934467,
      "z" : 2.2847006
    },
    "orientation" : 8
  }, {
    "shape" : "a974a470-f5f0-4081-9dd6-aa28e53ed768",
    "color" : "#007695",
    "position" : {
      "x" : -4.236068,
      "y" : 3.6967232,
      "z" : -4.5694013
    },
    "orientation" : 0
  }, {
    "shape" : "a7e65692-e4e8-4f74-b808-2872b4316831",
    "color" : "#FFFFFF",
    "position" : {
      "x" : 0.0,
      "y" : -3.1573787,
      "z" : -1.9513674
    },
    "orientation" : 0
  }, {
    "shape" : "a7e65692-e4e8-4f74-b808-2872b4316831",
    "color" : "#FFFFFF",
    "position" : {
      "x" : -4.236068,
      "y" : 3.6967232,
      "z" : -4.5694013
    },
    "orientation" : 0
  }, {
    "shape" : "a7e65692-e4e8-4f74-b808-2872b4316831",
    "color" : "#FFFFFF",
    "position" : {
      "x" : 4.236068,
      "y" : 3.6967232,
      "z" : -4.5694013
    },
    "orientation" : 0
  }, {
    "shape" : "a974a470-f5f0-4081-9dd6-aa28e53ed768",
    "color" : "#007695",
    "position" : {
      "x" : -4.236068,
      "y" : 3.6967232,
      "z" : -4.5694013
    },
    "orientation" : 21
  }, {
    "shape" : "a974a470-f5f0-4081-9dd6-aa28e53ed768",
    "color" : "#007695",
    "position" : {
      "x" : 4.236068,
      "y" : 3.6967232,
      "z" : -4.5694013
    },
    "orientation" : 37
  }, {
    "shape" : "a974a470-f5f0-4081-9dd6-aa28e53ed768",
    "color" : "#007695",
    "position" : {
      "x" : 6.854102,
      "y" : -0.53934467,
      "z" : 2.2847006
    },
    "orientation" : 41
  }, {
    "shape" : "a974a470-f5f0-4081-9dd6-aa28e53ed768",
    "color" : "#007695",
    "position" : {
      "x" : 0.0,
      "y" : -3.1573787,
      "z" : 6.5207686
    },
    "orientation" : 47
  }, {
    "shape" : "a7e65692-e4e8-4f74-b808-2872b4316831",
    "color" : "#FFFFFF",
    "position" : {
      "x" : 0.0,
      "y" : -3.1573787,
      "z" : 6.5207686
    },
    "orientation" : 0
  }, {
    "shape" : "a7e65692-e4e8-4f74-b808-2872b4316831",
    "color" : "#FFFFFF",
    "position" : {
      "x" : -6.854102,
      "y" : -0.53934467,
      "z" : 2.2847006
    },
    "orientation" : 0
  } ], [ {
    "shape" : "a974a470-f5f0-4081-9dd6-aa28e53ed768",
    "color" : "#007695",
    "position" : {
      "x" : 4.236068,
      "y" : 3.6967232,
      "z" : -4.5694013
    },
    "orientation" : 37
  }, {
    "shape" : "a974a470-f5f0-4081-9dd6-aa28e53ed768",
    "color" : "#007695",
    "position" : {
      "x" : 4.236068,
      "y" : 3.6967232,
      "z" : -4.5694013
    },
    "orientation" : 39
  }, {
    "shape" : "a7e65692-e4e8-4f74-b808-2872b4316831",
    "color" : "#FFFFFF",
    "position" : {
      "x" : 0.0,
      "y" : -3.1573787,
      "z" : -1.9513674
    },
    "orientation" : 0
  }, {
    "shape" : "a974a470-f5f0-4081-9dd6-aa28e53ed768",
    "color" : "#007695",
    "position" : {
      "x" : -4.236068,
      "y" : 3.6967232,
      "z" : -4.5694013
    },
    "orientation" : 21
  }, {
    "shape" : "a7e65692-e4e8-4f74-b808-2872b4316831",
    "color" : "#FFFFFF",
    "position" : {
      "x" : 6.854102,
      "y" : -0.53934467,
      "z" : 2.2847006
    },
    "orientation" : 0
  }, {
    "shape" : "a974a470-f5f0-4081-9dd6-aa28e53ed768",
    "color" : "#007695",
    "position" : {
      "x" : -4.236068,
      "y" : 3.6967232,
      "z" : -4.5694013
    },
    "orientation" : 0
  }, {
    "shape" : "a7e65692-e4e8-4f74-b808-2872b4316831",
    "color" : "#FFFFFF",
    "position" : {
      "x" : 4.236068,
      "y" : 3.6967232,
      "z" : -4.5694013
    },
    "orientation" : 0
  }, {
    "shape" : "a974a470-f5f0-4081-9dd6-aa28e53ed768",
    "color" : "#007695",
    "position" : {
      "x" : 0.0,
      "y" : -3.1573787,
      "z" : 6.5207686
    },
    "orientation" : 47
  }, {
    "shape" : "a7e65692-e4e8-4f74-b808-2872b4316831",
    "color" : "#FFFFFF",
    "position" : {
      "x" : -4.236068,
      "y" : 3.6967232,
      "z" : -4.5694013
    },
    "orientation" : 0
  }, {
    "shape" : "a974a470-f5f0-4081-9dd6-aa28e53ed768",
    "color" : "#007695",
    "position" : {
      "x" : -6.854102,
      "y" : -0.53934467,
      "z" : 2.2847006
    },
    "orientation" : 52
  }, {
    "shape" : "a974a470-f5f0-4081-9dd6-aa28e53ed768",
    "color" : "#007695",
    "position" : {
      "x" : -6.854102,
      "y" : -0.53934467,
      "z" : 2.2847006
    },
    "orientation" : 8
  }, {
    "shape" : "a7e65692-e4e8-4f74-b808-2872b4316831",
    "color" : "#FFFFFF",
    "position" : {
      "x" : 0.0,
      "y" : -3.1573787,
      "z" : 6.5207686
    },
    "orientation" : 0
  }, {
    "shape" : "a974a470-f5f0-4081-9dd6-aa28e53ed768",
    "color" : "#007695",
    "position" : {
      "x" : 6.854102,
      "y" : -0.53934467,
      "z" : 2.2847006
    },
    "orientation" : 53
  }, {
    "shape" : "a974a470-f5f0-4081-9dd6-aa28e53ed768",
    "color" : "#007695",
    "position" : {
      "x" : -6.854102,
      "y" : -0.53934467,
      "z" : 2.2847006
    },
    "orientation" : 26
  }, {
    "shape" : "a7e65692-e4e8-4f74-b808-2872b4316831",
    "color" : "#FFFFFF",
    "position" : {
      "x" : -6.854102,
      "y" : -0.53934467,
      "z" : 2.2847006
    },
    "orientation" : 0
  }, {
    "shape" : "a974a470-f5f0-4081-9dd6-aa28e53ed768",
    "color" : "#007695",
    "position" : {
      "x" : 6.854102,
      "y" : -0.53934467,
      "z" : 2.2847006
    },
    "orientation" : 41
  } ], [ {
    "shape" : "87b6916c-469d-4068-8c3b-f6532144b05b",
    "color" : "#F7CF7F",
    "position" : {
      "x" : 0.0,
      "y" : 0.0,
      "z" : 0.0
    },
    "orientation" : 0
  }, {
    "shape" : "c74c1d9f-490f-4f9f-95bb-4fa6cc5ccd2c",
    "color" : "#D77F7F",
    "position" : {
      "x" : 0.0,
      "y" : 0.0,
      "z" : 0.0
    },
    "orientation" : 0
  }, {
    "shape" : "92df452a-8f28-4f5f-9a53-68d919e1c53e",
    "color" : "#F7CF7F",
    "position" : {
      "x" : 0.0,
      "y" : 0.0,
      "z" : 0.0
    },
    "orientation" : 0
  }, {
    "shape" : "32334cc6-3b45-4ca9-8539-e0dc6a59a128",
    "color" : "#F7CF7F",
    "position" : {
      "x" : 0.0,
      "y" : 0.0,
      "z" : 0.0
    },
    "orientation" : 0
  }, {
    "shape" : "d9d74d82-f162-40a1-9936-b242166bdfe3",
    "color" : "#F7CF7F",
    "position" : {
      "x" : 0.0,
      "y" : 0.0,
      "z" : 0.0
    },
    "orientation" : 0
  }, {
    "shape" : "6d531fc4-4f0f-48ae-8aa4-bb0b5cbe8ca3",
    "color" : "#F7CF7F",
    "position" : {
      "x" : 0.0,
      "y" : 0.0,
      "z" : 0.0
    },
    "orientation" : 0
  } ], [ {
    "shape" : "e9f061b2-5a7f-4372-8610-f15adfd147a9",
    "color" : "#F7CF7F",
    "position" : {
      "x" : 0.0,
      "y" : 0.0,
      "z" : 0.0
    },
    "orientation" : 0
  }, {
    "shape" : "97247c22-fd3a-4562-bb34-ed70b2f64fb2",
    "color" : "#F7CF7F",
    "position" : {
      "x" : 0.0,
      "y" : 0.0,
      "z" : 0.0
    },
    "orientation" : 0
  }, {
    "shape" : "a85c0b11-0a00-4e0e-8ffc-592521fcc806",
    "color" : "#F7CF7F",
    "position" : {
      "x" : 0.0,
      "y" : 0.0,
      "z" : 0.0
    },
    "orientation" : 0
  }, {
    "shape" : "a3f003b5-9384-4493-ac66-5296406f3007",
    "color" : "#D77F7F",
    "position" : {
      "x" : 0.0,
      "y" : 0.0,
      "z" : 0.0
    },
    "orientation" : 0
  }, {
    "shape" : "3455bbb2-388e-4a27-bfa5-ef67ce5844ff",
    "color" : "#F7CF7F",
    "position" : {
      "x" : 0.0,
      "y" : 0.0,
      "z" : 0.0
    },
    "orientation" : 0
  }, {
    "shape" : "5cbb92cb-d53f-4607-9bca-e57ef728d2f7",
    "color" : "#F7CF7F",
    "position" : {
      "x" : 0.0,
      "y" : 0.0,
      "z" : 0.0
    },
    "orientation" : 0
  } ], [ {
    "shape" : "a7e65692-e4e8-4f74-b808-2872b4316831",
    "color" : "#FFFFFF",
    "position" : {
      "x" : -4.236068,
      "y" : -3.6967232,
      "z" : 4.5694013
    },
    "orientation" : 0
  }, {
    "shape" : "a7e65692-e4e8-4f74-b808-2872b4316831",
    "color" : "#FFFFFF",
    "position" : {
      "x" : 0.0,
      "y" : 3.1573787,
      "z" : 1.9513674
    },
    "orientation" : 0
  }, {
    "shape" : "a974a470-f5f0-4081-9dd6-aa28e53ed768",
    "color" : "#007695",
    "position" : {
      "x" : -6.854102,
      "y" : 0.53934467,
      "z" : -2.2847006
    },
    "orientation" : 37
  }, {
    "shape" : "a974a470-f5f0-4081-9dd6-aa28e53ed768",
    "color" : "#007695",
    "position" : {
      "x" : -4.236068,
      "y" : -3.6967232,
      "z" : 4.5694013
    },
    "orientation" : 6
  }, {
    "shape" : "a7e65692-e4e8-4f74-b808-2872b4316831",
    "color" : "#FFFFFF",
    "position" : {
      "x" : 6.854102,
      "y" : 0.53934467,
      "z" : -2.2847006
    },
    "orientation" : 0
  }, {
    "shape" : "a974a470-f5f0-4081-9dd6-aa28e53ed768",
    "color" : "#007695",
    "position" : {
      "x" : 6.854102,
      "y" : 0.53934467,
      "z" : -2.2847006
    },
    "orientation" : 56
  }, {
    "shape" : "a974a470-f5f0-4081-9dd6-aa28e53ed768",
    "color" : "#007695",
    "position" : {
      "x" : 6.854102,
      "y" : 0.53934467,
      "z" : -2.2847006
    },
    "orientation" : 38
  }, {
    "shape" : "a7e65692-e4e8-4f74-b808-2872b4316831",
    "color" : "#FFFFFF",
    "position" : {
      "x" : 4.236068,
      "y" : -3.6967232,
      "z" : 4.5694013
    },
    "orientation" : 0
  }, {
    "shape" : "a974a470-f5f0-4081-9dd6-aa28e53ed768",
    "color" : "#007695",
    "position" : {
      "x" : 6.854102,
      "y" : 0.53934467,
      "z" : -2.2847006
    },
    "orientation" : 40
  }, {
    "shape" : "a7e65692-e4e8-4f74-b808-2872b4316831",
    "color" : "#FFFFFF",
    "position" : {
      "x" : 0.0,
      "y" : 3.1573787,
      "z" : -6.5207686
    },
    "orientation" : 0
  }, {
    "shape" : "a974a470-f5f0-4081-9dd6-aa28e53ed768",
    "color" : "#007695",
    "position" : {
      "x" : -6.854102,
      "y" : 0.53934467,
      "z" : -2.2847006
    },
    "orientation" : 11
  }, {
    "shape" : "a974a470-f5f0-4081-9dd6-aa28e53ed768",
    "color" : "#007695",
    "position" : {
      "x" : 0.0,
      "y" : 3.1573787,
      "z" : 1.9513674
    },
    "orientation" : 21
  }, {
    "shape" : "a974a470-f5f0-4081-9dd6-aa28e53ed768",
    "color" : "#007695",
    "position" : {
      "x" : -4.236068,
      "y" : -3.6967232,
      "z" : 4.5694013
    },
    "orientation" : 0
  }, {
    "shape" : "a7e65692-e4e8-4f74-b808-2872b4316831",
    "color" : "#FFFFFF",
    "position" : {
      "x" : -6.854102,
      "y" : 0.53934467,
      "z" : -2.2847006
    },
    "orientation" : 0
  }, {
    "shape" : "a974a470-f5f0-4081-9dd6-aa28e53ed768",
    "color" : "#007695",
    "position" : {
      "x" : 0.0,
      "y" : 3.1573787,
      "z" : 1.9513674
    },
    "orientation" : 47
  }, {
    "shape" : "a974a470-f5f0-4081-9dd6-aa28e53ed768",
    "color" : "#007695",
    "position" : {
      "x" : 0.0,
      "y" : 3.1573787,
      "z" : -6.5207686
    },
    "orientation" : 41
  } ], [ {
    "shape" : "5a454237-3175-4cc4-8352-e5e0e0b5c219",
    "color" : "#F7CF7F",
    "position" : {
      "x" : 0.0,
      "y" : 0.0,
      "z" : 0.0
    },
    "orientation" : 0
  }, {
    "shape" : "f4fd884d-009f-4e02-a739-21a52851ab91",
    "color" : "#D77F7F",
    "position" : {
      "x" : 0.0,
      "y" : 0.0,
      "z" : 0.0
    },
    "orientation" : 0
  }, {
    "shape" : "060b7d16-83d2-4a86-baba-8792788e4a75",
    "color" : "#F7CF7F",
    "position" : {
      "x" : 0.0,
      "y" : 0.0,
      "z" : 0.0
    },
    "orientation" : 0
  }, {
    "shape" : "5b12e850-941f-421e-adc2-03c05952ef9d",
    "color" : "#F7CF7F",
    "position" : {
      "x" : 0.0,
      "y" : 0.0,
      "z" : 0.0
    },
    "orientation" : 0
  }, {
    "shape" : "2bd42535-f52a-49f5-8970-ff7c05cc7869",
    "color" : "#F7CF7F",
    "position" : {
      "x" : 0.0,
      "y" : 0.0,
      "z" : 0.0
    },
    "orientation" : 0
  }, {
    "shape" : "f1079e68-afdb-4436-9c6b-df3eb44ca60f",
    "color" : "#F7CF7F",
    "position" : {
      "x" : 0.0,
      "y" : 0.0,
      "z" : 0.0
    },
    "orientation" : 0
  } ] ]
}