{
  "field" : "golden",
  "symmetry" : "icosahedral",
  "orientations" : [ [ 1.0, 0.0, 0.0, 0.0, 0.0, 1.0, 0.0, 0.0, 0.0, 0.0, 1.0, 0.0, 0.0, 0.0, 0.0, 1.0 ], [ 0.0, 0.0, 1.0, 0.0, 1.0, 0.0, 0.0, 0.0, 0.0, 1.0, 0.0, 0.0, 0.0, 0.0, 0.0, 1.0 ], [ 0.0, 1.0, 0.0, 0.0, 0.0, 0.0, 1.0, 0.0, 1.0, 0.0, 0.0, 0.0, 0.0, 0.0, 0.0, 1.0 ], [ 0.809017, 0.309017, 0.5, 0.0, 0.309017, 0.5, -0.809017, 0.0, -0.5, 0.809017, 0.309017, 0.0, 0.0, 0.0, 0.0, 1.0 ], [ -0.5, 0.809017, 0.309017, 0.0, 0.809017, 0.309017, 0.5, 0.0, 0.309017, 0.5, -0.809017, 0.0, 0.0, 0.0, 0.0, 1.0 ], [ 0.309017, 0.5, -0.809017, 0.0, -0.5, 0.809017, 0.309017, 0.0, 0.809017, 0.309017, 0.5, 0.0, 0.0, 0.0, 0.0, 1.0 ], [ 0.5, 0.809017, 0.309017, 0.0, 0.809017, -0.309017, -0.5, 0.0, -0.309017, 0.5, -0.809017, 0.0, 0.0, 0.0, 0.0, 1.0 ], [ -0.309017, 0.5, -0.809017, 0.0, 0.5, 0.809017, 0.309017, 0.0, 0.809017, -0.309017, -0.5, 0.0, 0.0, 0.0, 0.0, 1.0 ], [ 0.809017, -0.309017, -0.5, 0.0, -0.309017, 0.5, -0.809017, 0.0, 0.5, 0.809017, 0.309017, 0.0, 0.0, 0.0, 0.0, 1.0 ], [ 0.5, 0.809017, -0.309017, 0.0, 0.809017, -0.309017, 0.5, 0.0, 0.309017, -0.5, -0.809017, 0.0, 0.0, 0.0, 0.0, 1.0 ], [ 0.309017, -0.5, -0.809017, 0.0, 0.5, 0.809017, -0.309017, 0.0, 0.809017, -0.309017, 0.5, 0.0, 0.0, 0.0, 0.0, 1.0 ], [ 0.809017, -0.309017, 0.5, 0.0, 0.309017, -0.5, -0.809017, 0.0, 0.5, 0.809017, -0.309017, 0.0, 0.0, 0.0, 0.0, 1.0 ], [ 0.809017, 0.309017, -0.5, 0.0, 0.309017, 0.5, 0.809017, 0.0, 0.5, -0.809017, 0.309017, 0.0, 0.0, 0.0, 0.0, 1.0 ], [ 0.5, -0.809017, 0.309017, 0.0, 0.809017, 0.309017, -0.5, 0.0, 0.309017, 0.5, 0.809017, 0.0, 0.0, 0.0, 0.0, 1.0 ], [ 0.309017, 0.5, 0.809017, 0.0, 0.5, -0.809017, 0.309017, 0.0, 0.809017, 0.309017, -0.5, 0.0, 0.0, 0.0, 0.0, 1.0 ], [ 1.0, 0.0, 0.0, 0.0, 0.0, -1.0, 0.0, 0.0, 0.0, 0.0, -1.0, 0.0, 0.0, 0.0, 0.0, 1.0 ], [ 0.0, 0.0, 1.0, 0.0, -1.0, 0.0, 0.0, 0.0, 0.0, -1.0, 0.0, 0.0, 0.0, 0.0, 0.0, 1.0 ], [ 0.0, 1.0, 0.0, 0.0, 0.0, 0.0, -1.0, 0.0, -1.0, 0.0, 0.0, 0.0, 0.0, 0.0, 0.0, 1.0 ], [ 0.809017, 0.309017, 0.5, 0.0, -0.309017, -0.5, 0.809017, 0.0, 0.5, -0.809017, -0.309017, 0.0, 0.0, 0.0, 0.0, 1.0 ], [ -0.5, 0.809017, 0.309017, 0.0, -0.809017, -0.309017, -0.5, 0.0, -0.309017, -0.5, 0.809017, 0.0, 0.0, 0.0, 0.0, 1.0 ], [ 0.309017, 0.5, -0.809017, 0.0, 0.5, -0.809017, -0.309017, 0.0, -0.809017, -0.309017, -0.5, 0.0, 0.0, 0.0, 0.0, 1.0 ], [ 0.5, 0.809017, 0.309017, 0.0, -0.809017, 0.309017, 0.5, 0.0, 0.309017, -0.5, 0.809017, 0.0, 0.0, 0.0, 0.0, 1.0 ], [ -0.309017, 0.5, -0.809017, 0.0, -0.5, -0.809017, -0.309017, 0.0, -0.809017, 0.309017, 0.5, 0.0, 0.0, 0.0, 0.0, 1.0 ], [ 0.809017, -0.309017, -0.5, 0.0, 0.309017, -0.5, 0.809017, 0.0, -0.5, -0.809017, -0.309017, 0.0, 0.0, 0.0, 0.0, 1.0 ], [ 0.5, 0.809017, -0.309017, 0.0, -0.809017, 0.309017, -0.5, 0.0, -0.309017, 0.5, 0.809017, 0.0, 0.0, 0.0, 0.0, 1.0 ], [ 0.309017, -0.5, -0.809017, 0.0, -0.5, -0.809017, 0.309017, 0.0, -0.809017, 0.309017, -0.5, 0.0, 0.0, 0.0, 0.0, 1.0 ], [ 0.809017, -0.309017, 0.5, 0.0, -0.309017, 0.5, 0.809017, 0.0, -0.5, -0.809017, 0.309017, 0.0, 0.0, 0.0, 0.0, 1.0 ], [ 0.809017, 0.309017, -0.5, 0.0, -0.309017, -0.5, -0.809017, 0.0, -0.5, 0.809017, -0.309017, 0.0, 0.0, 0.0, 0.0, 1.0 ], [ 0.5, -0.809017, 0.309017, 0.0, -0.809017, -0.309017, 0.5, 0.0, -0.309017, -0.5, -0.809017, 0.0, 0.0, 0.0, 0.0, 1.0 ], [ 0.309017, 0.5, 0.809017, 0.0, -0.5, 0.809017, -0.309017, 0.0, -0.809017, -0.309017, 0.5, 0.0, 0.0, 0.0, 0.0, 1.0 ], [ -1.0, 0.0, 0.0, 0.0, 0.0, -1.0, 0.0, 0.0, 0.0, 0.0, 1.0, 0.0, 0.0, 0.0, 0.0, 1.0 ], [ 0.0, 0.0, -1.0, 0.0, -1.0, 0.0, 0.0, 0.0, 0.0, 1.0, 0.0, 0.0, 0.0, 0.0, 0.0, 1.0 ], [ 0.0, -1.0, 0.0, 0.0, 0.0, 0.0, -1.0, 0.0, 1.0, 0.0, 0.0, 0.0, 0.0, 0.0, 0.0, 1.0 ], [ -0.809017, -0.309017, -0.5, 0.0, -0.309017, -0.5, 0.809017, 0.0, -0.5, 0.809017, 0.309017, 0.0, 0.0, 0.0, 0.0, 1.0 ], [ 0.5, -0.809017, -0.309017, 0.0, -0.809017, -0.309017, -0.5, 0.0, 0.309017, 0.5, -0.809017, 0.0, 0.0, 0.0, 0.0, 1.0 ], [ -0.309017, -0.5, 0.809017, 0.0, 0.5, -0.809017, -0.309017, 0.0, 0.809017, 0.309017, 0.5, 0.0, 0.0, 0.0, 0.0, 1.0 ], [ -0.5, -0.809017, -0.309017, 0.0, -0.809017, 0.309017, 0.5, 0.0, -0.309017, 0.5, -0.809017, 0.0, 0.0, 0.0, 0.0, 1.0 ], [ 0.309017, -0.5, 0.809017, 0.0, -0.5, -0.809017, -0.309017, 0.0, 0.809017, -0.309017, -0.5, 0.0, 0.0, 0.0, 0.0, 1.0 ], [ -0.809017, 0.309017, 0.5, 0.0, 0.309017, -0.5, 0.809017, 0.0, 0.5, 0.809017, 0.309017, 0.0, 0.0, 0.0, 0.0, 1.0 ], [ -0.5, -0.809017, 0.309017, 0.0, -0.809017, 0.309017, -0.5, 0.0, 0.309017, -0.5, -0.809017, 0.0, 0.0, 0.0, 0.0, 1.0 ], [ -0.309017, 0.5, 0.809017, 0.0, -0.5, -0.809017, 0.309017, 0.0, 0.809017, -0.309017, 0.5, 0.0, 0.0, 0.0, 0.0, 1.0 ], [ -0.809017, 0.309017, -0.5, 0.0, -0.309017, 0.5, 0.809017, 0.0, 0.5, 0.809017, -0.309017, 0.0, 0.0, 0.0, 0.0, 1.0 ], [ -0.809017, -0.309017, 0.5, 0.0, -0.309017, -0.5, -0.809017, 0.0, 0.5, -0.809017, 0.309017, 0.0, 0.0, 0.0, 0.0, 1.0 ], [ -0.5, 0.809017, -0.309017, 0.0, -0.809017, -0.309017, 0.5, 0.0, 0.309017, 0.5, 0.809017, 0.0, 0.0, 0.0, 0.0, 1.0 ], [ -0.309017, -0.5, -0.809017, 0.0, -0.5, 0.809017, -0.309017, 0.0, 0.809017, 0.309017, -0.5, 0.0, 0.0, 0.0, 0.0, 1.0 ], [ -1.0, 0.0, 0.0, 0.0, 0.0, 1.0, 0.0, 0.0, 0.0, 0.0, -1.0, 0.0, 0.0, 0.0, 0.0, 1.0 ], [ 0.0, 0.0, -1.0, 0.0, 1.0, 0.0, 0.0, 0.0, 0.0, -1.0, 0.0, 0.0, 0.0, 0.0, 0.0, 1.0 ], [ 0.0, -1.0, 0.0, 0.0, 0.0, 0.0, 1.0, 0.0, -1.0, 0.0, 0.0, 0.0, 0.0, 0.0, 0.0, 1.0 ], [ -0.809017, -0.309017, -0.5, 0.0, 0.309017, 0.5, -0.809017, 0.0, 0.5, -0.809017, -0.309017, 0.0, 0.0, 0.0, 0.0, 1.0 ], [ 0.5, -0.809017, -0.309017, 0.0, 0.809017, 0.309017, 0.5, 0.0, -0.309017, -0.5, 0.809017, 0.0, 0.0, 0.0, 0.0, 1.0 ], [ -0.309017, -0.5, 0.809017, 0.0, -0.5, 0.809017, 0.309017, 0.0, -0.809017, -0.309017, -0.5, 0.0, 0.0, 0.0, 0.0, 1.0 ], [ -0.5, -0.809017, -0.309017, 0.0, 0.809017, -0.309017, -0.5, 0.0, 0.309017, -0.5, 0.809017, 0.0, 0.0, 0.0, 0.0, 1.0 ], [ 0.309017, -0.5, 0.809017, 0.0, 0.5, 0.809017, 0.309017, 0.0, -0.809017, 0.309017, 0.5, 0.0, 0.0, 0.0, 0.0, 1.0 ], [ -0.809017, 0.309017, 0.5, 0.0, -0.309017, 0.5, -0.809017, 0.0, -0.5, -0.809017, -0.309017, 0.0, 0.0, 0.0, 0.0, 1.0 ], [ -0.5, -0.809017, 0.309017, 0.0, 0.809017, -0.309017, 0.5, 0.0, -0.309017, 0.5, 0.809017, 0.0, 0.0, 0.0, 0.0, 1.0 ], [ -0.309017, 0.5, 0.809017, 0.0, 0.5, 0.809017, -0.309017, 0.0, -0.809017, 0.309017, -0.5, 0.0, 0.0, 0.0, 0.0, 1.0 ], [ -0.809017, 0.309017, -0.5, 0.0, 0.309017, -0.5, -0.809017, 0.0, -0.5, -0.809017, 0.309017, 0.0, 0.0, 0.0, 0.0, 1.0 ], [ -0.809017, -0.309017, 0.5, 0.0, 0.309017, 0.5, 0.809017, 0.0, -0.5, 0.809017, -0.309017, 0.0, 0.0, 0.0, 0.0, 1.0 ], [ -0.5, 0.809017, -0.309017, 0.0, 0.809017, 0.309017, -0.5, 0.0, -0.309017, -0.5, -0.809017, 0.0, 0.0, 0.0, 0.0, 1.0 ], [ -0.309017, -0.5, -0.809017, 0.0, 0.5, -0.809017, 0.309017, 0.0, -0.809017, -0.309017, 0.5, 0.0, 0.0, 0.0, 0.0, 1.0 ] ],
  "lights" : {
    "directionalLights" : [ {
      "direction" : [ 1.0, -1.0, -1.0 ],
      "color" : "#EBEBE4"
    }, {
      "direction" : [ -1.0, 0.0, 0.0 ],
      "color" : "#E4E4EB"
    }, {
      "direction" : [ 0.0, 0.0, -1.0 ],
      "color" : "#1E1E1E"
    } ],
    "backgroundColor" : "#AFC8DC",
    "ambientColor" : "#292929"
  },
  "camera" : {
    "nearClipDistance" : 0.32543752,
    "width" : 58.578716,
    "lookAtPoint" : {
      "x" : 0.0,
      "y" : 0.0,
      "z" : 0.0
    },
    "perspective" : false,
    "viewDistance" : 130.17497,
    "farClipDistance" : 260.34964,
    "fieldOfView" : 0.44262874,
    "position" : {
      "x" : 0.0,
      "y" : 0.0,
      "z" : 130.17497
    },
    "stereo" : false,
    "lookDirection" : {
      "x" : 0.0,
      "y" : 0.0,
      "z" : -1.0
    },
    "upDirection" : {
      "x" : 0.0,
      "y" : 1.0,
      "z" : 0.0
    }
  },
  "embedding" : [ 1.0, 0.0, 0.0, 0.0, 0.0, 1.0, 0.0, 0.0, 0.0, 0.0, 1.0, 0.0, 0.0, 0.0, 0.0, 1.0 ],
  "shapes" : [ ],
  "instances" : [ {
    "shape" : "5172fcf6-e04b-40a2-8a2b-7efe6d899072",
    "color" : "#B8860B",
    "position" : {
      "x" : 7.301316,
      "y" : 4.236068,
      "z" : 0.7236068
    },
    "orientation" : 58
  }, {
    "shape" : "5172fcf6-e04b-40a2-8a2b-7efe6d899072",
    "color" : "#B8860B",
    "position" : {
      "x" : 6.854102,
      "y" : -11.09017,
      "z" : -4.236068
    },
    "orientation" : 13
  }, {
    "shape" : "f1d5664f-9094-4d67-8d0c-5a20fb0286e0",
    "color" : "#FFFFFF",
    "position" : {
      "x" : 11.09017,
      "y" : 4.236068,
      "z" : -6.854102
    }
  }, {
    "shape" : "f1d5664f-9094-4d67-8d0c-5a20fb0286e0",
    "color" : "#FFFFFF",
    "position" : {
      "x" : 0.0,
      "y" : 13.708204,
      "z" : 0.0
    }
  }, {
    "shape" : "c603b5c5-cc01-406e-84aa-c2f810153ef8",
    "color" : "#007695",
    "position" : {
      "x" : -6.854102,
      "y" : -11.09017,
      "z" : 4.236068
    },
    "orientation" : 26
  }, {
    "shape" : "c603b5c5-cc01-406e-84aa-c2f810153ef8",
    "color" : "#007695",
    "position" : {
      "x" : -11.09017,
      "y" : -4.236068,
      "z" : 6.854102
    },
    "orientation" : 1
  }, {
    "shape" : "c603b5c5-cc01-406e-84aa-c2f810153ef8",
    "color" : "#007695",
    "position" : {
      "x" : -6.854102,
      "y" : 11.09017,
      "z" : 4.236068
    },
    "orientation" : 39
  }, {
    "shape" : "f1d5664f-9094-4d67-8d0c-5a20fb0286e0",
    "color" : "#FFFFFF",
    "position" : {
      "x" : -3.7888544,
      "y" : 0.0,
      "z" : 7.5777087
    }
  }, {
    "shape" : "f1d5664f-9094-4d67-8d0c-5a20fb0286e0",
    "color" : "#FFFFFF",
    "position" : {
      "x" : 0.4472136,
      "y" : 6.854102,
      "z" : 4.959675
    }
  }, {
    "shape" : "c603b5c5-cc01-406e-84aa-c2f810153ef8",
    "color" : "#007695",
    "position" : {
      "x" : 11.09017,
      "y" : 4.236068,
      "z" : -6.854102
    },
    "orientation" : 16
  }, {
    "shape" : "c603b5c5-cc01-406e-84aa-c2f810153ef8",
    "color" : "#007695",
    "position" : {
      "x" : 7.301316,
      "y" : 4.236068,
      "z" : 0.7236068
    },
    "orientation" : 16
  }, {
    "shape" : "f1d5664f-9094-4d67-8d0c-5a20fb0286e0",
    "color" : "#FFFFFF",
    "position" : {
      "x" : 0.0,
      "y" : -13.708204,
      "z" : 0.0
    }
  }, {
    "shape" : "5172fcf6-e04b-40a2-8a2b-7efe6d899072",
    "color" : "#B8860B",
    "position" : {
      "x" : 0.0,
      "y" : -13.708204,
      "z" : 0.0
    },
    "orientation" : 13
  }, {
    "shape" : "5172fcf6-e04b-40a2-8a2b-7efe6d899072",
    "color" : "#B8860B",
    "position" : {
      "x" : -6.854102,
      "y" : -11.09017,
      "z" : 4.236068
    },
    "orientation" : 0
  }, {
    "shape" : "c603b5c5-cc01-406e-84aa-c2f810153ef8",
    "color" : "#007695",
    "position" : {
      "x" : 11.09017,
      "y" : -4.236068,
      "z" : -6.854102
    },
    "orientation" : 39
  }, {
    "shape" : "f1d5664f-9094-4d67-8d0c-5a20fb0286e0",
    "color" : "#FFFFFF",
    "position" : {
      "x" : 6.854102,
      "y" : -11.09017,
      "z" : -4.236068
    }
  }, {
    "shape" : "5172fcf6-e04b-40a2-8a2b-7efe6d899072",
    "color" : "#B8860B",
    "position" : {
      "x" : -11.09017,
      "y" : 4.236068,
      "z" : 6.854102
    },
    "orientation" : 21
  }, {
    "shape" : "5172fcf6-e04b-40a2-8a2b-7efe6d899072",
    "color" : "#B8860B",
    "position" : {
      "x" : -3.7888544,
      "y" : 0.0,
      "z" : 7.5777087
    },
    "orientation" : 36
  }, {
    "shape" : "c603b5c5-cc01-406e-84aa-c2f810153ef8",
    "color" : "#007695",
    "position" : {
      "x" : 7.301316,
      "y" : 4.236068,
      "z" : 0.7236068
    },
    "orientation" : 38
  }, {
    "shape" : "c603b5c5-cc01-406e-84aa-c2f810153ef8",
    "color" : "#007695",
    "position" : {
      "x" : 0.0,
      "y" : -13.708204,
      "z" : 0.0
    },
    "orientation" : 23
  }, {
    "shape" : "5172fcf6-e04b-40a2-8a2b-7efe6d899072",
    "color" : "#B8860B",
    "position" : {
      "x" : 0.4472136,
      "y" : 6.854102,
      "z" : 4.959675
    },
    "orientation" : 45
  }, {
    "shape" : "5172fcf6-e04b-40a2-8a2b-7efe6d899072",
    "color" : "#B8860B",
    "position" : {
      "x" : 7.301316,
      "y" : -4.236068,
      "z" : 0.7236068
    },
    "orientation" : 20
  }, {
    "shape" : "f1d5664f-9094-4d67-8d0c-5a20fb0286e0",
    "color" : "#FFFFFF",
    "position" : {
      "x" : -11.09017,
      "y" : -4.236068,
      "z" : 6.854102
    }
  }, {
    "shape" : "f1d5664f-9094-4d67-8d0c-5a20fb0286e0",
    "color" : "#FFFFFF",
    "position" : {
      "x" : 11.09017,
      "y" : -4.236068,
      "z" : -6.854102
    }
  }, {
    "shape" : "f1d5664f-9094-4d67-8d0c-5a20fb0286e0",
    "color" : "#FFFFFF",
    "position" : {
      "x" : 7.301316,
      "y" : -4.236068,
      "z" : 0.7236068
    }
  }, {
    "shape" : "c603b5c5-cc01-406e-84aa-c2f810153ef8",
    "color" : "#007695",
    "position" : {
      "x" : 6.854102,
      "y" : 11.09017,
      "z" : -4.236068
    },
    "orientation" : 24
  }, {
    "shape" : "f1d5664f-9094-4d67-8d0c-5a20fb0286e0",
    "color" : "#FFFFFF",
    "position" : {
      "x" : 0.4472136,
      "y" : -6.854102,
      "z" : 4.959675
    }
  }, {
    "shape" : "5172fcf6-e04b-40a2-8a2b-7efe6d899072",
    "color" : "#B8860B",
    "position" : {
      "x" : 0.4472136,
      "y" : 6.854102,
      "z" : 4.959675
    },
    "orientation" : 58
  }, {
    "shape" : "c603b5c5-cc01-406e-84aa-c2f810153ef8",
    "color" : "#007695",
    "position" : {
      "x" : 0.4472136,
      "y" : -6.854102,
      "z" : 4.959675
    },
    "orientation" : 51
  }, {
    "shape" : "c603b5c5-cc01-406e-84aa-c2f810153ef8",
    "color" : "#007695",
    "position" : {
      "x" : -6.854102,
      "y" : 11.09017,
      "z" : 4.236068
    },
    "orientation" : 23
  }, {
    "shape" : "c603b5c5-cc01-406e-84aa-c2f810153ef8",
    "color" : "#007695",
    "position" : {
      "x" : -3.7888544,
      "y" : 0.0,
      "z" : 7.5777087
    },
    "orientation" : 6
  }, {
    "shape" : "c603b5c5-cc01-406e-84aa-c2f810153ef8",
    "color" : "#007695",
    "position" : {
      "x" : 0.0,
      "y" : 13.708204,
      "z" : 0.0
    },
    "orientation" : 26
  }, {
    "shape" : "f1d5664f-9094-4d67-8d0c-5a20fb0286e0",
    "color" : "#FFFFFF",
    "position" : {
      "x" : -6.854102,
      "y" : -11.09017,
      "z" : 4.236068
    }
  }, {
    "shape" : "c603b5c5-cc01-406e-84aa-c2f810153ef8",
    "color" : "#007695",
    "position" : {
      "x" : 7.301316,
      "y" : -4.236068,
      "z" : 0.7236068
    },
    "orientation" : 41
  }, {
    "shape" : "f1d5664f-9094-4d67-8d0c-5a20fb0286e0",
    "color" : "#FFFFFF",
    "position" : {
      "x" : -11.09017,
      "y" : 4.236068,
      "z" : 6.854102
    }
  }, {
    "shape" : "c603b5c5-cc01-406e-84aa-c2f810153ef8",
    "color" : "#007695",
    "position" : {
      "x" : -6.854102,
      "y" : -11.09017,
      "z" : 4.236068
    },
    "orientation" : 51
  }, {
    "shape" : "f1d5664f-9094-4d67-8d0c-5a20fb0286e0",
    "color" : "#FFFFFF",
    "position" : {
      "x" : 6.854102,
      "y" : 11.09017,
      "z" : -4.236068
    }
  }, {
    "shape" : "f1d5664f-9094-4d67-8d0c-5a20fb0286e0",
    "color" : "#FFFFFF",
    "position" : {
      "x" : 7.301316,
      "y" : 4.236068,
      "z" : 0.7236068
    }
  }, {
    "shape" : "f1d5664f-9094-4d67-8d0c-5a20fb0286e0",
    "color" : "#FFFFFF",
    "position" : {
      "x" : -6.854102,
      "y" : 11.09017,
      "z" : 4.236068
    }
  }, {
    "shape" : "5172fcf6-e04b-40a2-8a2b-7efe6d899072",
    "color" : "#B8860B",
    "position" : {
      "x" : 7.301316,
      "y" : 4.236068,
      "z" : 0.7236068
    },
    "orientation" : 20
  } ],
  "scenes" : [ {
    "title" : "Faces",
    "content" : "",
    "view" : {
      "nearClipDistance" : 0.32543752,
      "width" : 58.578716,
      "lookAtPoint" : {
        "x" : 0.0,
        "y" : 0.0,
        "z" : 0.0
      },
      "perspective" : false,
      "viewDistance" : 130.17497,
      "farClipDistance" : 260.34964,
      "fieldOfView" : 0.44262874,
      "position" : {
        "x" : 0.0,
        "y" : 0.0,
        "z" : 130.17497
      },
      "stereo" : false,
      "lookDirection" : {
        "x" : 0.0,
        "y" : 0.0,
        "z" : -1.0
      },
      "upDirection" : {
        "x" : 0.0,
        "y" : 1.0,
        "z" : 0.0
      }
    },
    "snapshot" : 2
  }, {
    "title" : "Edges",
    "content" : "",
    "view" : {
      "nearClipDistance" : 0.32543752,
      "width" : 58.578716,
      "lookAtPoint" : {
        "x" : 0.0,
        "y" : 0.0,
        "z" : 0.0
      },
      "perspective" : false,
      "viewDistance" : 130.17497,
      "farClipDistance" : 260.34964,
      "fieldOfView" : 0.44262874,
      "position" : {
        "x" : 0.0,
        "y" : 0.0,
        "z" : 130.17497
      },
      "stereo" : false,
      "lookDirection" : {
        "x" : 0.0,
        "y" : 0.0,
        "z" : -1.0
      },
      "upDirection" : {
        "x" : 0.0,
        "y" : 1.0,
        "z" : 0.0
      }
    },
    "snapshot" : 3
  } ],
  "snapshots" : [ [ {
    "shape" : "803e2bc0-bea8-40ba-9fde-7d7985bbc5ed",
    "color" : "#0000FF",
    "position" : {
      "x" : 0.0,
      "y" : 0.0,
      "z" : 0.0
    },
    "orientation" : 0
  }, {
    "shape" : "4a843c8e-5eb0-4246-9f10-75a350a7e65a",
    "color" : "#FFFF00",
    "position" : {
      "x" : 0.0,
      "y" : 0.0,
      "z" : 0.0
    },
    "orientation" : 0
  }, {
    "shape" : "5ae5a79e-5c65-48cb-89ab-1297a8879be3",
    "color" : "#0000FF",
    "position" : {
      "x" : 0.0,
      "y" : 0.0,
      "z" : 0.0
    },
    "orientation" : 0
  }, {
    "shape" : "0cd7915e-dba0-4661-b682-cd6c62bbd2f6",
    "color" : "#0000FF",
    "position" : {
      "x" : 0.0,
      "y" : 0.0,
      "z" : 0.0
    },
    "orientation" : 0
  }, {
    "shape" : "e9302e35-743a-4a4b-bfbd-f20305d31925",
    "color" : "#FFFF00",
    "position" : {
      "x" : 0.0,
      "y" : 0.0,
      "z" : 0.0
    },
    "orientation" : 0
  }, {
    "shape" : "9090f354-2de1-40c1-99b3-75dfa10bac0c",
    "color" : "#FFFF00",
    "position" : {
      "x" : 0.0,
      "y" : 0.0,
      "z" : 0.0
    },
    "orientation" : 0
  }, {
    "shape" : "31a50941-a543-4f51-b6d7-3d99f8b096fc",
    "color" : "#FF0000",
    "position" : {
      "x" : 0.0,
      "y" : 0.0,
      "z" : 0.0
    },
    "orientation" : 0
  }, {
    "shape" : "c56dc108-7e7a-4325-a60a-02a42f608235",
    "color" : "#FF0000",
    "position" : {
      "x" : 0.0,
      "y" : 0.0,
      "z" : 0.0
    },
    "orientation" : 0
  }, {
    "shape" : "425f5790-5e63-488b-abc7-cf57c5244e4f",
    "color" : "#0000FF",
    "position" : {
      "x" : 0.0,
      "y" : 0.0,
      "z" : 0.0
    },
    "orientation" : 0
  }, {
    "shape" : "38f1042c-6b2b-48ac-a044-ce8cccc99beb",
    "color" : "#FFFF00",
    "position" : {
      "x" : 0.0,
      "y" : 0.0,
      "z" : 0.0
    },
    "orientation" : 0
  }, {
    "shape" : "82398785-4d6c-4623-9e04-e707e39494ab",
    "color" : "#0000FF",
    "position" : {
      "x" : 0.0,
      "y" : 0.0,
      "z" : 0.0
    },
    "orientation" : 0
  }, {
    "shape" : "0c9b5f74-a790-45bb-bba2-b1d617813988",
    "color" : "#FFFF00",
    "position" : {
      "x" : 0.0,
      "y" : 0.0,
      "z" : 0.0
    },
    "orientation" : 0
  } ], [ {
    "shape" : "f1d5664f-9094-4d67-8d0c-5a20fb0286e0",
    "color" : "#CCCCFF",
    "position" : {
      "x" : 4.236068,
      "y" : -6.854102,
      "z" : -2.618034
    },
    "orientation" : 0
  }, {
    "shape" : "f1d5664f-9094-4d67-8d0c-5a20fb0286e0",
    "color" : "#CCCCFF",
    "position" : {
      "x" : 4.512461,
      "y" : 2.618034,
      "z" : 0.4472136
    },
    "orientation" : 0
  }, {
    "shape" : "f1d5664f-9094-4d67-8d0c-5a20fb0286e0",
    "color" : "#CCCCFF",
    "position" : {
      "x" : 4.512461,
      "y" : -2.618034,
      "z" : 0.4472136
    },
    "orientation" : 0
  }, {
    "shape" : "6cfa799d-9c98-4941-94a4-298e3c06576c",
    "color" : "#0000FF",
    "position" : {
      "x" : -4.236068,
      "y" : -6.854102,
      "z" : 2.618034
    },
    "orientation" : 26
  }, {
    "shape" : "6cfa799d-9c98-4941-94a4-298e3c06576c",
    "color" : "#0000FF",
    "position" : {
      "x" : 0.0,
      "y" : 8.472136,
      "z" : 0.0
    },
    "orientation" : 26
  }, {
    "shape" : "6cfa799d-9c98-4941-94a4-298e3c06576c",
    "color" : "#0000FF",
    "position" : {
      "x" : 0.2763932,
      "y" : -4.236068,
      "z" : 3.0652475
    },
    "orientation" : 51
  }, {
    "shape" : "6cfa799d-9c98-4941-94a4-298e3c06576c",
    "color" : "#0000FF",
    "position" : {
      "x" : 0.0,
      "y" : -8.472136,
      "z" : 0.0
    },
    "orientation" : 23
  }, {
    "shape" : "6cfa799d-9c98-4941-94a4-298e3c06576c",
    "color" : "#0000FF",
    "position" : {
      "x" : -2.3416407,
      "y" : 0.0,
      "z" : 4.6832814
    },
    "orientation" : 6
  }, {
    "shape" : "097d1fb9-9ca4-420d-82d0-21b946e001f6",
    "color" : "#FFA500",
    "position" : {
      "x" : 4.512461,
      "y" : -2.618034,
      "z" : 0.4472136
    },
    "orientation" : 20
  }, {
    "shape" : "6cfa799d-9c98-4941-94a4-298e3c06576c",
    "color" : "#0000FF",
    "position" : {
      "x" : 4.512461,
      "y" : 2.618034,
      "z" : 0.4472136
    },
    "orientation" : 38
  }, {
    "shape" : "097d1fb9-9ca4-420d-82d0-21b946e001f6",
    "color" : "#FFA500",
    "position" : {
      "x" : 0.2763932,
      "y" : 4.236068,
      "z" : 3.0652475
    },
    "orientation" : 45
  }, {
    "shape" : "f1d5664f-9094-4d67-8d0c-5a20fb0286e0",
    "color" : "#CCCCFF",
    "position" : {
      "x" : 6.854102,
      "y" : -2.618034,
      "z" : -4.236068
    },
    "orientation" : 0
  }, {
    "shape" : "097d1fb9-9ca4-420d-82d0-21b946e001f6",
    "color" : "#FFA500",
    "position" : {
      "x" : -4.236068,
      "y" : -6.854102,
      "z" : 2.618034
    },
    "orientation" : 0
  }, {
    "shape" : "097d1fb9-9ca4-420d-82d0-21b946e001f6",
    "color" : "#FFA500",
    "position" : {
      "x" : 4.512461,
      "y" : 2.618034,
      "z" : 0.4472136
    },
    "orientation" : 58
  }, {
    "shape" : "6cfa799d-9c98-4941-94a4-298e3c06576c",
    "color" : "#0000FF",
    "position" : {
      "x" : 4.512461,
      "y" : 2.618034,
      "z" : 0.4472136
    },
    "orientation" : 16
  }, {
    "shape" : "097d1fb9-9ca4-420d-82d0-21b946e001f6",
    "color" : "#FFA500",
    "position" : {
      "x" : -6.854102,
      "y" : 2.618034,
      "z" : 4.236068
    },
    "orientation" : 21
  }, {
    "shape" : "f1d5664f-9094-4d67-8d0c-5a20fb0286e0",
    "color" : "#CCCCFF",
    "position" : {
      "x" : 0.0,
      "y" : -8.472136,
      "z" : 0.0
    },
    "orientation" : 0
  }, {
    "shape" : "6cfa799d-9c98-4941-94a4-298e3c06576c",
    "color" : "#0000FF",
    "position" : {
      "x" : -4.236068,
      "y" : 6.854102,
      "z" : 2.618034
    },
    "orientation" : 39
  }, {
    "shape" : "f1d5664f-9094-4d67-8d0c-5a20fb0286e0",
    "color" : "#CCCCFF",
    "position" : {
      "x" : 6.854102,
      "y" : 2.618034,
      "z" : -4.236068
    },
    "orientation" : 0
  }, {
    "shape" : "f1d5664f-9094-4d67-8d0c-5a20fb0286e0",
    "color" : "#CCCCFF",
    "position" : {
      "x" : 0.2763932,
      "y" : 4.236068,
      "z" : 3.0652475
    },
    "orientation" : 0
  }, {
    "shape" : "097d1fb9-9ca4-420d-82d0-21b946e001f6",
    "color" : "#FFA500",
    "position" : {
      "x" : 0.2763932,
      "y" : 4.236068,
      "z" : 3.0652475
    },
    "orientation" : 58
  }, {
    "shape" : "f1d5664f-9094-4d67-8d0c-5a20fb0286e0",
    "color" : "#CCCCFF",
    "position" : {
      "x" : -4.236068,
      "y" : 6.854102,
      "z" : 2.618034
    },
    "orientation" : 0
  }, {
    "shape" : "f1d5664f-9094-4d67-8d0c-5a20fb0286e0",
    "color" : "#CCCCFF",
    "position" : {
      "x" : 0.0,
      "y" : 8.472136,
      "z" : 0.0
    },
    "orientation" : 0
  }, {
    "shape" : "097d1fb9-9ca4-420d-82d0-21b946e001f6",
    "color" : "#FFA500",
    "position" : {
      "x" : 4.236068,
      "y" : -6.854102,
      "z" : -2.618034
    },
    "orientation" : 13
  }, {
    "shape" : "f1d5664f-9094-4d67-8d0c-5a20fb0286e0",
    "color" : "#CCCCFF",
    "position" : {
      "x" : -6.854102,
      "y" : 2.618034,
      "z" : 4.236068
    },
    "orientation" : 0
  }, {
    "shape" : "6cfa799d-9c98-4941-94a4-298e3c06576c",
    "color" : "#0000FF",
    "position" : {
      "x" : -4.236068,
      "y" : -6.854102,
      "z" : 2.618034
    },
    "orientation" : 51
  }, {
    "shape" : "6cfa799d-9c98-4941-94a4-298e3c06576c",
    "color" : "#0000FF",
    "position" : {
      "x" : 6.854102,
      "y" : -2.618034,
      "z" : -4.236068
    },
    "orientation" : 39
  }, {
    "shape" : "6cfa799d-9c98-4941-94a4-298e3c06576c",
    "color" : "#0000FF",
    "position" : {
      "x" : -6.854102,
      "y" : -2.618034,
      "z" : 4.236068
    },
    "orientation" : 1
  }, {
    "shape" : "f1d5664f-9094-4d67-8d0c-5a20fb0286e0",
    "color" : "#CCCCFF",
    "position" : {
      "x" : -4.236068,
      "y" : -6.854102,
      "z" : 2.618034
    },
    "orientation" : 0
  }, {
    "shape" : "f1d5664f-9094-4d67-8d0c-5a20fb0286e0",
    "color" : "#CCCCFF",
    "position" : {
      "x" : -6.854102,
      "y" : -2.618034,
      "z" : 4.236068
    },
    "orientation" : 0
  }, {
    "shape" : "f1d5664f-9094-4d67-8d0c-5a20fb0286e0",
    "color" : "#CCCCFF",
    "position" : {
      "x" : 0.2763932,
      "y" : -4.236068,
      "z" : 3.0652475
    },
    "orientation" : 0
  }, {
    "shape" : "097d1fb9-9ca4-420d-82d0-21b946e001f6",
    "color" : "#FFA500",
    "position" : {
      "x" : 4.512461,
      "y" : 2.618034,
      "z" : 0.4472136
    },
    "orientation" : 20
  }, {
    "shape" : "097d1fb9-9ca4-420d-82d0-21b946e001f6",
    "color" : "#FFA500",
    "position" : {
      "x" : -2.3416407,
      "y" : 0.0,
      "z" : 4.6832814
    },
    "orientation" : 36
  }, {
    "shape" : "f1d5664f-9094-4d67-8d0c-5a20fb0286e0",
    "color" : "#CCCCFF",
    "position" : {
      "x" : -2.3416407,
      "y" : 0.0,
      "z" : 4.6832814
    },
    "orientation" : 0
  }, {
    "shape" : "6cfa799d-9c98-4941-94a4-298e3c06576c",
    "color" : "#0000FF",
    "position" : {
      "x" : 4.236068,
      "y" : 6.854102,
      "z" : -2.618034
    },
    "orientation" : 24
  }, {
    "shape" : "6cfa799d-9c98-4941-94a4-298e3c06576c",
    "color" : "#0000FF",
    "position" : {
      "x" : 4.512461,
      "y" : -2.618034,
      "z" : 0.4472136
    },
    "orientation" : 41
  }, {
    "shape" : "6cfa799d-9c98-4941-94a4-298e3c06576c",
    "color" : "#0000FF",
    "position" : {
      "x" : -4.236068,
      "y" : 6.854102,
      "z" : 2.618034
    },
    "orientation" : 23
  }, {
    "shape" : "097d1fb9-9ca4-420d-82d0-21b946e001f6",
    "color" : "#FFA500",
    "position" : {
      "x" : 0.0,
      "y" : -8.472136,
      "z" : 0.0
    },
    "orientation" : 13
  }, {
    "shape" : "6cfa799d-9c98-4941-94a4-298e3c06576c",
    "color" : "#0000FF",
    "position" : {
      "x" : 6.854102,
      "y" : 2.618034,
      "z" : -4.236068
    },
    "orientation" : 16
  }, {
    "shape" : "f1d5664f-9094-4d67-8d0c-5a20fb0286e0",
    "color" : "#CCCCFF",
    "position" : {
      "x" : 4.236068,
      "y" : 6.854102,
      "z" : -2.618034
    },
    "orientation" : 0
  } ], [ {
    "shape" : "5ad75fd3-2004-4f95-8113-eb4715861a94",
    "color" : "#D7EFF2",
    "position" : {
      "x" : 0.0,
      "y" : 0.0,
      "z" : 0.0
    },
    "orientation" : 0
  }, {
    "shape" : "f17a7bd0-578d-4448-9f85-f6df28001599",
    "color" : "#FFFFFF",
    "position" : {
      "x" : 0.0,
      "y" : 0.0,
      "z" : 0.0
    },
    "orientation" : 0
  }, {
    "shape" : "aec10859-5e80-49b4-a62b-ed31e09f6505",
    "color" : "#FFFFFF",
    "position" : {
      "x" : 0.0,
      "y" : 0.0,
      "z" : 0.0
    },
    "orientation" : 0
  }, {
    "shape" : "75279be8-2e81-4ae7-b05d-43080682b7d6",
    "color" : "#D7EFF2",
    "position" : {
      "x" : 0.0,
      "y" : 0.0,
      "z" : 0.0
    },
    "orientation" : 0
  }, {
    "shape" : "e07fb1d7-252c-48d4-8d87-1265a7b8e339",
    "color" : "#FFFFFF",
    "position" : {
      "x" : 0.0,
      "y" : 0.0,
      "z" : 0.0
    },
    "orientation" : 0
  }, {
    "shape" : "409677d6-556e-49a7-99e8-79bbbddc0520",
    "color" : "#D7EFF2",
    "position" : {
      "x" : 0.0,
      "y" : 0.0,
      "z" : 0.0
    },
    "orientation" : 0
  }, {
    "shape" : "27b1b613-2715-4b7c-9b5b-b70d59985756",
    "color" : "#FFFFFF",
    "position" : {
      "x" : 0.0,
      "y" : 0.0,
      "z" : 0.0
    },
    "orientation" : 0
  }, {
    "shape" : "830f08d9-ca2f-4952-bf97-d20a82795fb2",
    "color" : "#FFFFFF",
    "position" : {
      "x" : 0.0,
      "y" : 0.0,
      "z" : 0.0
    },
    "orientation" : 0
  }, {
    "shape" : "01556635-693d-489d-897d-e7d3fd163446",
    "color" : "#D7EFF2",
    "position" : {
      "x" : 0.0,
      "y" : 0.0,
      "z" : 0.0
    },
    "orientation" : 0
  }, {
    "shape" : "b8408da9-b617-4abc-a89c-6c65a7502da3",
    "color" : "#FFFFFF",
    "position" : {
      "x" : 0.0,
      "y" : 0.0,
      "z" : 0.0
    },
    "orientation" : 0
  }, {
    "shape" : "8b0e3531-e8ce-496c-aa51-375016d70471",
    "color" : "#FFFFFF",
    "position" : {
      "x" : 0.0,
      "y" : 0.0,
      "z" : 0.0
    },
    "orientation" : 0
  }, {
    "shape" : "8a8a090f-5cb9-451c-98ce-461403045514",
    "color" : "#D7EFF2",
    "position" : {
      "x" : 0.0,
      "y" : 0.0,
      "z" : 0.0
    },
    "orientation" : 0
  }, {
    "shape" : "63fba253-47e8-4ee4-a28c-845374de8f45",
    "color" : "#D7EFF2",
    "position" : {
      "x" : 0.0,
      "y" : 0.0,
      "z" : 0.0
    },
    "orientation" : 0
  }, {
    "shape" : "13cebc3b-c684-44f2-a27d-ace4a0706478",
    "color" : "#D7EFF2",
    "position" : {
      "x" : 0.0,
      "y" : 0.0,
      "z" : 0.0
    },
    "orientation" : 0
  }, {
    "shape" : "628e6323-9106-409d-a085-2220ef377090",
    "color" : "#D7EFF2",
    "position" : {
      "x" : 0.0,
      "y" : 0.0,
      "z" : 0.0
    },
    "orientation" : 0
  }, {
    "shape" : "bcfd2962-e6c7-4ca3-b934-94e49f3aaca4",
    "color" : "#FFFFFF",
    "position" : {
      "x" : 0.0,
      "y" : 0.0,
      "z" : 0.0
    },
    "orientation" : 0
  }, {
    "shape" : "1b035c38-7b13-478a-8260-d7ef9cda5d54",
    "color" : "#D77F7F",
    "position" : {
      "x" : 0.0,
      "y" : 0.0,
      "z" : 0.0
    },
    "orientation" : 0
  }, {
    "shape" : "f1e9394e-0988-4c2a-9aac-4fbc3beb7e4b",
    "color" : "#FFFFFF",
    "position" : {
      "x" : 0.0,
      "y" : 0.0,
      "z" : 0.0
    },
    "orientation" : 0
  }, {
    "shape" : "51994ecc-0f2b-4f2a-8687-cd58d977d369",
    "color" : "#FFFFFF",
    "position" : {
      "x" : 0.0,
      "y" : 0.0,
      "z" : 0.0
    },
    "orientation" : 0
  }, {
    "shape" : "6c14dd58-1f5c-4ea1-9eec-05ca23a561ae",
    "color" : "#D7EFF2",
    "position" : {
      "x" : 0.0,
      "y" : 0.0,
      "z" : 0.0
    },
    "orientation" : 0
  }, {
    "shape" : "625abddd-54a4-479a-8ded-a74aff98e638",
    "color" : "#D7EFF2",
    "position" : {
      "x" : 0.0,
      "y" : 0.0,
      "z" : 0.0
    },
    "orientation" : 0
  }, {
    "shape" : "5d9bea46-c2ef-4ff2-94d3-98a7091a1034",
    "color" : "#D77F7F",
    "position" : {
      "x" : 0.0,
      "y" : 0.0,
      "z" : 0.0
    },
    "orientation" : 0
  }, {
    "shape" : "3ce04c22-5c20-4c60-b70d-d18eda19b6db",
    "color" : "#D77F7F",
    "position" : {
      "x" : 0.0,
      "y" : 0.0,
      "z" : 0.0
    },
    "orientation" : 0
  }, {
    "shape" : "39870832-335c-4d6f-aef8-8ce83d092699",
    "color" : "#D77F7F",
    "position" : {
      "x" : 0.0,
      "y" : 0.0,
      "z" : 0.0
    },
    "orientation" : 0
  } ], [ {
    "shape" : "c603b5c5-cc01-406e-84aa-c2f810153ef8",
    "color" : "#007695",
    "position" : {
      "x" : 11.09017,
      "y" : 4.236068,
      "z" : -6.854102
    },
    "orientation" : 16
  }, {
    "shape" : "c603b5c5-cc01-406e-84aa-c2f810153ef8",
    "color" : "#007695",
    "position" : {
      "x" : -6.854102,
      "y" : -11.09017,
      "z" : 4.236068
    },
    "orientation" : 26
  }, {
    "shape" : "c603b5c5-cc01-406e-84aa-c2f810153ef8",
    "color" : "#007695",
    "position" : {
      "x" : 7.301316,
      "y" : 4.236068,
      "z" : 0.7236068
    },
    "orientation" : 16
  }, {
    "shape" : "f1d5664f-9094-4d67-8d0c-5a20fb0286e0",
    "color" : "#FFFFFF",
    "position" : {
      "x" : -6.854102,
      "y" : 11.09017,
      "z" : 4.236068
    },
    "orientation" : 0
  }, {
    "shape" : "5172fcf6-e04b-40a2-8a2b-7efe6d899072",
    "color" : "#B8860B",
    "position" : {
      "x" : -6.854102,
      "y" : -11.09017,
      "z" : 4.236068
    },
    "orientation" : 0
  }, {
    "shape" : "c603b5c5-cc01-406e-84aa-c2f810153ef8",
    "color" : "#007695",
    "position" : {
      "x" : 0.0,
      "y" : -13.708204,
      "z" : 0.0
    },
    "orientation" : 23
  }, {
    "shape" : "f1d5664f-9094-4d67-8d0c-5a20fb0286e0",
    "color" : "#FFFFFF",
    "position" : {
      "x" : -6.854102,
      "y" : -11.09017,
      "z" : 4.236068
    },
    "orientation" : 0
  }, {
    "shape" : "f1d5664f-9094-4d67-8d0c-5a20fb0286e0",
    "color" : "#FFFFFF",
    "position" : {
      "x" : 6.854102,
      "y" : 11.09017,
      "z" : -4.236068
    },
    "orientation" : 0
  }, {
    "shape" : "f1d5664f-9094-4d67-8d0c-5a20fb0286e0",
    "color" : "#FFFFFF",
    "position" : {
      "x" : -11.09017,
      "y" : 4.236068,
      "z" : 6.854102
    },
    "orientation" : 0
  }, {
    "shape" : "5172fcf6-e04b-40a2-8a2b-7efe6d899072",
    "color" : "#B8860B",
    "position" : {
      "x" : 6.854102,
      "y" : -11.09017,
      "z" : -4.236068
    },
    "orientation" : 13
  }, {
    "shape" : "f1d5664f-9094-4d67-8d0c-5a20fb0286e0",
    "color" : "#FFFFFF",
    "position" : {
      "x" : 0.0,
      "y" : -13.708204,
      "z" : 0.0
    },
    "orientation" : 0
  }, {
    "shape" : "c603b5c5-cc01-406e-84aa-c2f810153ef8",
    "color" : "#007695",
    "position" : {
      "x" : 6.854102,
      "y" : 11.09017,
      "z" : -4.236068
    },
    "orientation" : 24
  }, {
    "shape" : "c603b5c5-cc01-406e-84aa-c2f810153ef8",
    "color" : "#007695",
    "position" : {
      "x" : -11.09017,
      "y" : -4.236068,
      "z" : 6.854102
    },
    "orientation" : 1
  }, {
    "shape" : "5172fcf6-e04b-40a2-8a2b-7efe6d899072",
    "color" : "#B8860B",
    "position" : {
      "x" : -3.7888544,
      "y" : 0.0,
      "z" : 7.5777087
    },
    "orientation" : 36
  }, {
    "shape" : "f1d5664f-9094-4d67-8d0c-5a20fb0286e0",
    "color" : "#FFFFFF",
    "position" : {
      "x" : 7.301316,
      "y" : -4.236068,
      "z" : 0.7236068
    },
    "orientation" : 0
  }, {
    "shape" : "5172fcf6-e04b-40a2-8a2b-7efe6d899072",
    "color" : "#B8860B",
    "position" : {
      "x" : 0.4472136,
      "y" : 6.854102,
      "z" : 4.959675
    },
    "orientation" : 58
  }, {
    "shape" : "5172fcf6-e04b-40a2-8a2b-7efe6d899072",
    "color" : "#B8860B",
    "position" : {
      "x" : -11.09017,
      "y" : 4.236068,
      "z" : 6.854102
    },
    "orientation" : 21
  }, {
    "shape" : "c603b5c5-cc01-406e-84aa-c2f810153ef8",
    "color" : "#007695",
    "position" : {
      "x" : -6.854102,
      "y" : 11.09017,
      "z" : 4.236068
    },
    "orientation" : 39
  }, {
    "shape" : "f1d5664f-9094-4d67-8d0c-5a20fb0286e0",
    "color" : "#FFFFFF",
    "position" : {
      "x" : 11.09017,
      "y" : -4.236068,
      "z" : -6.854102
    },
    "orientation" : 0
  }, {
    "shape" : "c603b5c5-cc01-406e-84aa-c2f810153ef8",
    "color" : "#007695",
    "position" : {
      "x" : -3.7888544,
      "y" : 0.0,
      "z" : 7.5777087
    },
    "orientation" : 6
  }, {
    "shape" : "f1d5664f-9094-4d67-8d0c-5a20fb0286e0",
    "color" : "#FFFFFF",
    "position" : {
      "x" : 0.4472136,
      "y" : 6.854102,
      "z" : 4.959675
    },
    "orientation" : 0
  }, {
    "shape" : "c603b5c5-cc01-406e-84aa-c2f810153ef8",
    "color" : "#007695",
    "position" : {
      "x" : -6.854102,
      "y" : 11.09017,
      "z" : 4.236068
    },
    "orientation" : 23
  }, {
    "shape" : "f1d5664f-9094-4d67-8d0c-5a20fb0286e0",
    "color" : "#FFFFFF",
    "position" : {
      "x" : 0.0,
      "y" : 13.708204,
      "z" : 0.0
    },
    "orientation" : 0
  }, {
    "shape" : "c603b5c5-cc01-406e-84aa-c2f810153ef8",
    "color" : "#007695",
    "position" : {
      "x" : 7.301316,
      "y" : 4.236068,
      "z" : 0.7236068
    },
    "orientation" : 38
  }, {
    "shape" : "c603b5c5-cc01-406e-84aa-c2f810153ef8",
    "color" : "#007695",
    "position" : {
      "x" : 0.4472136,
      "y" : -6.854102,
      "z" : 4.959675
    },
    "orientation" : 51
  }, {
    "shape" : "f1d5664f-9094-4d67-8d0c-5a20fb0286e0",
    "color" : "#FFFFFF",
    "position" : {
      "x" : 6.854102,
      "y" : -11.09017,
      "z" : -4.236068
    },
    "orientation" : 0
  }, {
    "shape" : "c603b5c5-cc01-406e-84aa-c2f810153ef8",
    "color" : "#007695",
    "position" : {
      "x" : 7.301316,
      "y" : -4.236068,
      "z" : 0.7236068
    },
    "orientation" : 41
  }, {
    "shape" : "f1d5664f-9094-4d67-8d0c-5a20fb0286e0",
    "color" : "#FFFFFF",
    "position" : {
      "x" : -11.09017,
      "y" : -4.236068,
      "z" : 6.854102
    },
    "orientation" : 0
  }, {
    "shape" : "c603b5c5-cc01-406e-84aa-c2f810153ef8",
    "color" : "#007695",
    "position" : {
      "x" : -6.854102,
      "y" : -11.09017,
      "z" : 4.236068
    },
    "orientation" : 51
  }, {
    "shape" : "f1d5664f-9094-4d67-8d0c-5a20fb0286e0",
    "color" : "#FFFFFF",
    "position" : {
      "x" : 7.301316,
      "y" : 4.236068,
      "z" : 0.7236068
    },
    "orientation" : 0
  }, {
    "shape" : "c603b5c5-cc01-406e-84aa-c2f810153ef8",
    "color" : "#007695",
    "position" : {
      "x" : 0.0,
      "y" : 13.708204,
      "z" : 0.0
    },
    "orientation" : 26
  }, {
    "shape" : "c603b5c5-cc01-406e-84aa-c2f810153ef8",
    "color" : "#007695",
    "position" : {
      "x" : 11.09017,
      "y" : -4.236068,
      "z" : -6.854102
    },
    "orientation" : 39
  }, {
    "shape" : "5172fcf6-e04b-40a2-8a2b-7efe6d899072",
    "color" : "#B8860B",
    "position" : {
      "x" : 0.4472136,
      "y" : 6.854102,
      "z" : 4.959675
    },
    "orientation" : 45
  }, {
    "shape" : "5172fcf6-e04b-40a2-8a2b-7efe6d899072",
    "color" : "#B8860B",
    "position" : {
      "x" : 7.301316,
      "y" : -4.236068,
      "z" : 0.7236068
    },
    "orientation" : 20
  }, {
    "shape" : "5172fcf6-e04b-40a2-8a2b-7efe6d899072",
    "color" : "#B8860B",
    "position" : {
      "x" : 7.301316,
      "y" : 4.236068,
      "z" : 0.7236068
    },
    "orientation" : 58
  }, {
    "shape" : "5172fcf6-e04b-40a2-8a2b-7efe6d899072",
    "color" : "#B8860B",
