{
  "field": "golden",
  "symmetry": "icosahedral",
  "orientations": [
    [
      1,
      0,
      0,
      0,
      0,
      1,
      0,
      0,
      0,
      0,
      1,
      0,
      0,
      0,
      0,
      1
    ],
    [
      0,
      0,
      1,
      0,
      1,
      0,
      0,
      0,
      0,
      1,
      0,
      0,
      0,
      0,
      0,
      1
    ],
    [
      0,
      1,
      0,
      0,
      0,
      0,
      1,
      0,
      1,
      0,
      0,
      0,
      0,
      0,
      0,
      1
    ],
    [
      0.809017,
      0.309017,
      0.5,
      0,
      0.309017,
      0.5,
      -0.809017,
      0,
      -0.5,
      0.809017,
      0.309017,
      0,
      0,
      0,
      0,
      1
    ],
    [
      -0.5,
      0.809017,
      0.309017,
      0,
      0.809017,
      0.309017,
      0.5,
      0,
      0.309017,
      0.5,
      -0.809017,
      0,
      0,
      0,
      0,
      1
    ],
    [
      0.309017,
      0.5,
      -0.809017,
      0,
      -0.5,
      0.809017,
      0.309017,
      0,
      0.809017,
      0.309017,
      0.5,
      0,
      0,
      0,
      0,
      1
    ],
    [
      0.5,
      0.809017,
      0.309017,
      0,
      0.809017,
      -0.309017,
      -0.5,
      0,
      -0.309017,
      0.5,
      -0.809017,
      0,
      0,
      0,
      0,
      1
    ],
    [
      -0.309017,
      0.5,
      -0.809017,
      0,
      0.5,
      0.809017,
      0.309017,
      0,
      0.809017,
      -0.309017,
      -0.5,
      0,
      0,
      0,
      0,
      1
    ],
    [
      0.809017,
      -0.309017,
      -0.5,
      0,
      -0.309017,
      0.5,
      -0.809017,
      0,
      0.5,
      0.809017,
      0.309017,
      0,
      0,
      0,
      0,
      1
    ],
    [
      0.5,
      0.809017,
      -0.309017,
      0,
      0.809017,
      -0.309017,
      0.5,
      0,
      0.309017,
      -0.5,
      -0.809017,
      0,
      0,
      0,
      0,
      1
    ],
    [
      0.309017,
      -0.5,
      -0.809017,
      0,
      0.5,
      0.809017,
      -0.309017,
      0,
      0.809017,
      -0.309017,
      0.5,
      0,
      0,
      0,
      0,
      1
    ],
    [
      0.809017,
      -0.309017,
      0.5,
      0,
      0.309017,
      -0.5,
      -0.809017,
      0,
      0.5,
      0.809017,
      -0.309017,
      0,
      0,
      0,
      0,
      1
    ],
    [
      0.809017,
      0.309017,
      -0.5,
      0,
      0.309017,
      0.5,
      0.809017,
      0,
      0.5,
      -0.809017,
      0.309017,
      0,
      0,
      0,
      0,
      1
    ],
    [
      0.5,
      -0.809017,
      0.309017,
      0,
      0.809017,
      0.309017,
      -0.5,
      0,
      0.309017,
      0.5,
      0.809017,
      0,
      0,
      0,
      0,
      1
    ],
    [
      0.309017,
      0.5,
      0.809017,
      0,
      0.5,
      -0.809017,
      0.309017,
      0,
      0.809017,
      0.309017,
      -0.5,
      0,
      0,
      0,
      0,
      1
    ],
    [
      1,
      0,
      0,
      0,
      0,
      -1,
      0,
      0,
      0,
      0,
      -1,
      0,
      0,
      0,
      0,
      1
    ],
    [
      0,
      0,
      1,
      0,
      -1,
      0,
      0,
      0,
      0,
      -1,
      0,
      0,
      0,
      0,
      0,
      1
    ],
    [
      0,
      1,
      0,
      0,
      0,
      0,
      -1,
      0,
      -1,
      0,
      0,
      0,
      0,
      0,
      0,
      1
    ],
    [
      0.809017,
      0.309017,
      0.5,
      0,
      -0.309017,
      -0.5,
      0.809017,
      0,
      0.5,
      -0.809017,
      -0.309017,
      0,
      0,
      0,
      0,
      1
    ],
    [
      -0.5,
      0.809017,
      0.309017,
      0,
      -0.809017,
      -0.309017,
      -0.5,
      0,
      -0.309017,
      -0.5,
      0.809017,
      0,
      0,
      0,
      0,
      1
    ],
    [
      0.309017,
      0.5,
      -0.809017,
      0,
      0.5,
      -0.809017,
      -0.309017,
      0,
      -0.809017,
      -0.309017,
      -0.5,
      0,
      0,
      0,
      0,
      1
    ],
    [
      0.5,
      0.809017,
      0.309017,
      0,
      -0.809017,
      0.309017,
      0.5,
      0,
      0.309017,
      -0.5,
      0.809017,
      0,
      0,
      0,
      0,
      1
    ],
    [
      -0.309017,
      0.5,
      -0.809017,
      0,
      -0.5,
      -0.809017,
      -0.309017,
      0,
      -0.809017,
      0.309017,
      0.5,
      0,
      0,
      0,
      0,
      1
    ],
    [
      0.809017,
      -0.309017,
      -0.5,
      0,
      0.309017,
      -0.5,
      0.809017,
      0,
      -0.5,
      -0.809017,
      -0.309017,
      0,
      0,
      0,
      0,
      1
    ],
    [
      0.5,
      0.809017,
      -0.309017,
      0,
      -0.809017,
      0.309017,
      -0.5,
      0,
      -0.309017,
      0.5,
      0.809017,
      0,
      0,
      0,
      0,
      1
    ],
    [
      0.309017,
      -0.5,
      -0.809017,
      0,
      -0.5,
      -0.809017,
      0.309017,
      0,
      -0.809017,
      0.309017,
      -0.5,
      0,
      0,
      0,
      0,
      1
    ],
    [
      0.809017,
      -0.309017,
      0.5,
      0,
      -0.309017,
      0.5,
      0.809017,
      0,
      -0.5,
      -0.809017,
      0.309017,
      0,
      0,
      0,
      0,
      1
    ],
    [
      0.809017,
      0.309017,
      -0.5,
      0,
      -0.309017,
      -0.5,
      -0.809017,
      0,
      -0.5,
      0.809017,
      -0.309017,
      0,
      0,
      0,
      0,
      1
    ],
    [
      0.5,
      -0.809017,
      0.309017,
      0,
      -0.809017,
      -0.309017,
      0.5,
      0,
      -0.309017,
      -0.5,
      -0.809017,
      0,
      0,
      0,
      0,
      1
    ],
    [
      0.309017,
      0.5,
      0.809017,
      0,
      -0.5,
      0.809017,
      -0.309017,
      0,
      -0.809017,
      -0.309017,
      0.5,
      0,
      0,
      0,
      0,
      1
    ],
    [
      -1,
      0,
      0,
      0,
      0,
      -1,
      0,
      0,
      0,
      0,
      1,
      0,
      0,
      0,
      0,
      1
    ],
    [
      0,
      0,
      -1,
      0,
      -1,
      0,
      0,
      0,
      0,
      1,
      0,
      0,
      0,
      0,
      0,
      1
    ],
    [
      0,
      -1,
      0,
      0,
      0,
      0,
      -1,
      0,
      1,
      0,
      0,
      0,
      0,
      0,
      0,
      1
    ],
    [
      -0.809017,
      -0.309017,
      -0.5,
      0,
      -0.309017,
      -0.5,
      0.809017,
      0,
      -0.5,
      0.809017,
      0.309017,
      0,
      0,
      0,
      0,
      1
    ],
    [
      0.5,
      -0.809017,
      -0.309017,
      0,
      -0.809017,
      -0.309017,
      -0.5,
      0,
      0.309017,
      0.5,
      -0.809017,
      0,
      0,
      0,
      0,
      1
    ],
    [
      -0.309017,
      -0.5,
      0.809017,
      0,
      0.5,
      -0.809017,
      -0.309017,
      0,
      0.809017,
      0.309017,
      0.5,
      0,
      0,
      0,
      0,
      1
    ],
    [
      -0.5,
      -0.809017,
      -0.309017,
      0,
      -0.809017,
      0.309017,
      0.5,
      0,
      -0.309017,
      0.5,
      -0.809017,
      0,
      0,
      0,
      0,
      1
    ],
    [
      0.309017,
      -0.5,
      0.809017,
      0,
      -0.5,
      -0.809017,
      -0.309017,
      0,
      0.809017,
      -0.309017,
      -0.5,
      0,
      0,
      0,
      0,
      1
    ],
    [
      -0.809017,
      0.309017,
      0.5,
      0,
      0.309017,
      -0.5,
      0.809017,
      0,
      0.5,
      0.809017,
      0.309017,
      0,
      0,
      0,
      0,
      1
    ],
    [
      -0.5,
      -0.809017,
      0.309017,
      0,
      -0.809017,
      0.309017,
      -0.5,
      0,
      0.309017,
      -0.5,
      -0.809017,
      0,
      0,
      0,
      0,
      1
    ],
    [
      -0.309017,
      0.5,
      0.809017,
      0,
      -0.5,
      -0.809017,
      0.309017,
      0,
      0.809017,
      -0.309017,
      0.5,
      0,
      0,
      0,
      0,
      1
    ],
    [
      -0.809017,
      0.309017,
      -0.5,
      0,
      -0.309017,
      0.5,
      0.809017,
      0,
      0.5,
      0.809017,
      -0.309017,
      0,
      0,
      0,
      0,
      1
    ],
    [
      -0.809017,
      -0.309017,
      0.5,
      0,
      -0.309017,
      -0.5,
      -0.809017,
      0,
      0.5,
      -0.809017,
      0.309017,
      0,
      0,
      0,
      0,
      1
    ],
    [
      -0.5,
      0.809017,
      -0.309017,
      0,
      -0.809017,
      -0.309017,
      0.5,
      0,
      0.309017,
      0.5,
      0.809017,
      0,
      0,
      0,
      0,
      1
    ],
    [
      -0.309017,
      -0.5,
      -0.809017,
      0,
      -0.5,
      0.809017,
      -0.309017,
      0,
      0.809017,
      0.309017,
      -0.5,
      0,
      0,
      0,
      0,
      1
    ],
    [
      -1,
      0,
      0,
      0,
      0,
      1,
      0,
      0,
      0,
      0,
      -1,
      0,
      0,
      0,
      0,
      1
    ],
    [
      0,
      0,
      -1,
      0,
      1,
      0,
      0,
      0,
      0,
      -1,
      0,
      0,
      0,
      0,
      0,
      1
    ],
    [
      0,
      -1,
      0,
      0,
      0,
      0,
      1,
      0,
      -1,
      0,
      0,
      0,
      0,
      0,
      0,
      1
    ],
    [
      -0.809017,
      -0.309017,
      -0.5,
      0,
      0.309017,
      0.5,
      -0.809017,
      0,
      0.5,
      -0.809017,
      -0.309017,
      0,
      0,
      0,
      0,
      1
    ],
    [
      0.5,
      -0.809017,
      -0.309017,
      0,
      0.809017,
      0.309017,
      0.5,
      0,
      -0.309017,
      -0.5,
      0.809017,
      0,
      0,
      0,
      0,
      1
    ],
    [
      -0.309017,
      -0.5,
      0.809017,
      0,
      -0.5,
      0.809017,
      0.309017,
      0,
      -0.809017,
      -0.309017,
      -0.5,
      0,
      0,
      0,
      0,
      1
    ],
    [
      -0.5,
      -0.809017,
      -0.309017,
      0,
      0.809017,
      -0.309017,
      -0.5,
      0,
      0.309017,
      -0.5,
      0.809017,
      0,
      0,
      0,
      0,
      1
    ],
    [
      0.309017,
      -0.5,
      0.809017,
      0,
      0.5,
      0.809017,
      0.309017,
      0,
      -0.809017,
      0.309017,
      0.5,
      0,
      0,
      0,
      0,
      1
    ],
    [
      -0.809017,
      0.309017,
      0.5,
      0,
      -0.309017,
      0.5,
      -0.809017,
      0,
      -0.5,
      -0.809017,
      -0.309017,
      0,
      0,
      0,
      0,
      1
    ],
    [
      -0.5,
      -0.809017,
      0.309017,
      0,
      0.809017,
      -0.309017,
      0.5,
      0,
      -0.309017,
      0.5,
      0.809017,
      0,
      0,
      0,
      0,
      1
    ],
    [
      -0.309017,
      0.5,
      0.809017,
      0,
      0.5,
      0.809017,
      -0.309017,
      0,
      -0.809017,
      0.309017,
      -0.5,
      0,
      0,
      0,
      0,
      1
    ],
    [
      -0.809017,
      0.309017,
      -0.5,
      0,
      0.309017,
      -0.5,
      -0.809017,
      0,
      -0.5,
      -0.809017,
      0.309017,
      0,
      0,
      0,
      0,
      1
    ],
    [
      -0.809017,
      -0.309017,
      0.5,
      0,
      0.309017,
      0.5,
      0.809017,
      0,
      -0.5,
      0.809017,
      -0.309017,
      0,
      0,
      0,
      0,
      1
    ],
    [
      -0.5,
      0.809017,
      -0.309017,
      0,
      0.809017,
      0.309017,
      -0.5,
      0,
      -0.309017,
      -0.5,
      -0.809017,
      0,
      0,
      0,
      0,
      1
    ],
    [
      -0.309017,
      -0.5,
      -0.809017,
      0,
      0.5,
      -0.809017,
      0.309017,
      0,
      -0.809017,
      -0.309017,
      0.5,
      0,
      0,
      0,
      0,
      1
    ]
  ],
  "lights": {
    "directionalLights": [
      {
        "direction": [
          1,
          -1,
          -1
        ],
        "color": "#EBEBE4"
      },
      {
        "direction": [
          -1,
          0,
          0
        ],
        "color": "#E4E4EB"
      },
      {
        "direction": [
          0,
          0,
          -1
        ],
        "color": "#1E1E1E"
      }
    ],
    "ambientColor": "#292929",
    "backgroundColor": "#AFC8DC"
  },
  "camera": {
    "position": {
      "x": 0,
      "y": 0,
      "z": 10
    },
    "width": 4.5,
    "lookDirection": {
      "x": 0,
      "y": 0,
      "z": -1
    },
    "upDirection": {
      "x": 0,
      "y": 1,
      "z": 0
    },
    "lookAtPoint": {
      "x": 0,
      "y": 0,
      "z": 0
    },
    "stereo": false,
    "nearClipDistance": 0.025,
    "viewDistance": 10,
    "fieldOfView": 4.4,
    "perspective": true,
    "farClipDistance": 20
  },
  "embedding": [
    1,
    0,
    0,
    0,
    0,
    1,
    0,
    0,
    0,
    0,
    1,
    0,
    0,
    0,
    0,
    1
  ],
  "shapes": [
    {
      "id": "c438fbfb-c5dc-4a2e-a715-db0fbd0f7591",
      "vertices": [
        {
          "x": 0,
          "y": -0.411120096,
          "z": 1.289170334
        },
        {
          "x": 1.000000219,
          "y": -1.567860326,
          "z": 0
        },
        {
          "x": 1.289170334,
          "y": 0.411120096,
          "z": 0
        }
      ],
      "faces": [
        {
          "vertices": [
            0,
            1,
            2
          ]
        },
        {
          "vertices": [
            0,
            2,
            1
          ]
        }
      ]
    },
    {
      "id": "cee1a2ff-ee2c-464e-a324-7dd6113bd901",
      "vertices": [
        {
          "x": 0,
          "y": -0.411120096,
          "z": 1.289170334
        },
        {
          "x": 0,
          "y": 1.567860326,
          "z": 1.000000219
        },
        {
          "x": -1.289170334,
          "y": 0.411120096,
          "z": 0
        }
      ],
      "faces": [
        {
          "vertices": [
            0,
            1,
            2
          ]
        },
        {
          "vertices": [
            0,
            2,
            1
          ]
        }
      ]
    },
    {
      "id": "2a34c2c7-4798-43dd-bfa6-91f53d2e607e",
      "vertices": [
        {
          "x": -1.289170334,
          "y": 0.411120096,
          "z": 0
        },
        {
          "x": 0,
          "y": 1.567860326,
          "z": 1.000000219
        },
        {
          "x": 0,
          "y": 1.567860326,
          "z": -1.000000219
        }
      ],
      "faces": [
        {
          "vertices": [
            0,
            1,
            2
          ]
        },
        {
          "vertices": [
            0,
            2,
            1
          ]
        }
      ]
    },
    {
      "id": "b701284c-bb02-42ae-97c2-f3e067065e50",
      "vertices": [
        {
          "x": 0,
          "y": -0.411120096,
          "z": 1.289170334
        },
        {
          "x": 1.289170334,
          "y": 0.411120096,
          "z": 0
        },
        {
          "x": 0,
          "y": 1.567860326,
          "z": 1.000000219
        }
      ],
      "faces": [
        {
          "vertices": [
            0,
            1,
            2
          ]
        },
        {
          "vertices": [
            0,
            2,
            1
          ]
        }
      ]
    },
    {
      "id": "87425469-20d1-4437-a47b-e11cb11e436f",
      "vertices": [
        {
          "x": 0,
          "y": -0.411120096,
          "z": 1.289170334
        },
        {
          "x": -1.000000219,
          "y": -1.567860326,
          "z": 0
        },
        {
          "x": 1.000000219,
          "y": -1.567860326,
          "z": 0
        }
      ],
      "faces": [
        {
          "vertices": [
            0,
            1,
            2
          ]
        },
        {
          "vertices": [
            0,
            2,
            1
          ]
        }
      ]
    },
    {
      "id": "e3bf623e-e168-4ab6-ba32-1af1284f6847",
      "vertices": [
        {
          "x": 1.289170334,
          "y": 0.411120096,
          "z": 0
        },
        {
          "x": 0,
          "y": 1.567860326,
          "z": -1.000000219
        },
        {
          "x": 0,
          "y": 1.567860326,
          "z": 1.000000219
        }
      ],
      "faces": [
        {
          "vertices": [
            0,
            1,
            2
          ]
        },
        {
          "vertices": [
            0,
            2,
            1
          ]
        }
      ]
    },
    {
      "id": "0887a368-d2df-4732-8866-1258b7d65dd0",
      "vertices": [
        {
          "x": 0,
          "y": -0.411120096,
          "z": -1.289170334
        },
        {
          "x": -1.000000219,
          "y": -1.567860326,
          "z": 0
        },
        {
          "x": -1.289170334,
          "y": 0.411120096,
          "z": 0
        }
      ],
      "faces": [
        {
          "vertices": [
            0,
            1,
            2
          ]
        },
        {
          "vertices": [
            0,
            2,
            1
          ]
        }
      ]
    },
    {
      "id": "ec1c77c4-a7cb-4da8-8770-277aaa3c3afe",
      "vertices": [
        {
          "x": 0,
          "y": -0.411120096,
          "z": -1.289170334
        },
        {
          "x": -1.289170334,
          "y": 0.411120096,
          "z": 0
        },
        {
          "x": 0,
          "y": 1.567860326,
          "z": -1.000000219
        }
      ],
      "faces": [
        {
          "vertices": [
            0,
            1,
            2
          ]
        },
        {
          "vertices": [
            0,
            2,
            1
          ]
        }
      ]
    },
    {
      "id": "166008a2-36fd-4514-bf05-edcb90820b28",
      "vertices": [
        {
          "x": 0,
          "y": -0.411120096,
          "z": -1.289170334
        },
        {
          "x": 1.289170334,
          "y": 0.411120096,
          "z": 0
        },
        {
          "x": 1.000000219,
          "y": -1.567860326,
          "z": 0
        }
      ],
      "faces": [
        {
          "vertices": [
            0,
            1,
            2
          ]
        },
        {
          "vertices": [
            0,
            2,
            1
          ]
        }
      ]
    },
    {
      "id": "007b9d23-2751-48a3-ab62-416b533660ad",
      "vertices": [
        {
          "x": 0,
          "y": -0.411120096,
          "z": 1.289170334
        },
        {
          "x": -1.289170334,
          "y": 0.411120096,
          "z": 0
        },
        {
          "x": -1.000000219,
          "y": -1.567860326,
          "z": 0
        }
      ],
      "faces": [
        {
          "vertices": [
            0,
            1,
            2
          ]
        },
        {
          "vertices": [
            0,
            2,
            1
          ]
        }
      ]
    },
    {
      "id": "4c35da40-cb3e-49ed-9493-73679ff75b17",
      "vertices": [
        {
          "x": 0,
          "y": -0.411120096,
          "z": -1.289170334
        },
        {
          "x": 0,
          "y": 1.567860326,
          "z": -1.000000219
        },
        {
          "x": 1.289170334,
          "y": 0.411120096,
          "z": 0
        }
      ],
      "faces": [
        {
          "vertices": [
            0,
            1,
            2
          ]
        },
        {
          "vertices": [
            0,
            2,
            1
          ]
        }
      ]
    },
    {
      "id": "c57cc160-3c91-4108-81fc-e4c83ce76b34",
      "vertices": [
        {
          "x": 0,
          "y": -0.411120096,
          "z": -1.289170334
        },
        {
          "x": 1.000000219,
          "y": -1.567860326,
          "z": 0
        },
        {
          "x": -1.000000219,
          "y": -1.567860326,
          "z": 0
        }
      ],
      "faces": [
        {
          "vertices": [
            0,
            1,
            2
          ]
        },
        {
          "vertices": [
            0,
            2,
            1
          ]
        }
      ]
    },
    {
      "id": "70b3a53d-5127-4c95-ad7f-e9eafe6e5820",
      "vertices": [
        {
          "x": -1.226356409,
          "y": 1.041469251,
          "z": -0.857805162
        },
        {
          "x": -1.202749677,
          "y": 1.017862354,
          "z": -0.952232326
        },
        {
          "x": -0.062813784,
          "y": 0.115271027,
          "z": -0.142195057
        },
        {
          "x": -0.086420582,
          "y": 0.138877829,
          "z": -0.047767851
        },
        {
          "x": -1.147667145,
          "y": 1.088682809,
          "z": -0.98370815
        },
        {
          "x": -1.171273947,
          "y": 1.112289589,
          "z": -0.889280915
        },
        {
          "x": -0.141503125,
          "y": 0.068057421,
          "z": -0.016292111
        },
        {
          "x": -0.117896325,
          "y": 0.044450621,
          "z": -0.110719321
        }
      ],
      "faces": [
        {
          "vertices": [
            2,
            3,
            6
          ]
        },
        {
          "vertices": [
            2,
            6,
            7
          ]
        },
        {
          "vertices": [
            0,
            5,
            4
          ]
        },
        {
          "vertices": [
            0,
            4,
            1
          ]
        },
        {
          "vertices": [
            2,
            4,
            5
          ]
        },
        {
          "vertices": [
            2,
            5,
            3
          ]
        },
        {
          "vertices": [
            0,
            6,
            3
          ]
        },
        {
          "vertices": [
            0,
            3,
            5
          ]
        },
        {
          "vertices": [
            0,
            1,
            7
          ]
        },
        {
          "vertices": [
            0,
            7,
            6
          ]
        },
        {
          "vertices": [
            1,
            4,
            2
          ]
        },
        {
          "vertices": [
            1,
            2,
            7
          ]
        }
      ]
    },
    {
      "id": "17f8c3f3-a5ab-48ef-a9b8-829746bac302",
      "vertices": [
        {
          "x": 0.952232326,
          "y": -1.017862354,
          "z": -1.202749677
        },
        {
          "x": 0.857805162,
          "y": -1.041469251,
          "z": -1.226356409
        },
        {
          "x": 0.047767851,
          "y": -0.138877829,
          "z": -0.086420582
        },
        {
          "x": 0.142195057,
          "y": -0.115271027,
          "z": -0.062813784
        },
        {
          "x": 0.889280915,
          "y": -1.112289589,
          "z": -1.171273947
        },
        {
          "x": 0.98370815,
          "y": -1.088682809,
          "z": -1.147667145
        },
        {
          "x": 0.110719321,
          "y": -0.044450621,
          "z": -0.117896325
        },
        {
          "x": 0.016292111,
          "y": -0.068057421,
          "z": -0.141503125
        }
      ],
      "faces": [
        {
          "vertices": [
            2,
            3,
            6
          ]
        },
        {
          "vertices": [
            2,
            6,
            7
          ]
        },
        {
          "vertices": [
            0,
            5,
            4
          ]
        },
        {
          "vertices": [
            0,
            4,
            1
          ]
        },
        {
          "vertices": [
            2,
            4,
            5
          ]
        },
        {
          "vertices": [
            2,
            5,
            3
          ]
        },
        {
          "vertices": [
            0,
            6,
            3
          ]
        },
        {
          "vertices": [
            0,
            3,
            5
          ]
        },
        {
          "vertices": [
            0,
            1,
            7
          ]
        },
        {
          "vertices": [
            0,
            7,
            6
          ]
        },
        {
          "vertices": [
            1,
            4,
            2
          ]
        },
        {
          "vertices": [
            1,
            2,
            7
          ]
        }
      ]
    },
    {
      "id": "ef283f84-44f0-44b4-8803-e9b8b507ef67",
      "vertices": [
        {
          "x": -1.226713343,
          "y": -0.694359095,
          "z": -1.163761861
        },
        {
          "x": -1.203106541,
          "y": -0.788786259,
          "z": -1.140155082
        },
        {
          "x": -0.062456934,
          "y": -0.12788112,
          "z": -0.125408411
        },
        {
          "x": -0.086063734,
          "y": -0.033453908,
          "z": -0.149015204
        },
        {
          "x": -1.148024009,
          "y": -0.820262036,
          "z": -1.210975396
        },
        {
          "x": -1.171630788,
          "y": -0.725834801,
          "z": -1.234582317
        },
        {
          "x": -0.141146278,
          "y": -0.00197817,
          "z": -0.078194801
        },
        {
          "x": -0.11753947,
          "y": -0.096405383,
          "z": -0.054587998
        }
      ],
      "faces": [
        {
          "vertices": [
            2,
            3,
            6
          ]
        },
        {
          "vertices": [
            2,
            6,
            7
          ]
        },
        {
          "vertices": [
            0,
            5,
            4
          ]
        },
        {
          "vertices": [
            0,
            4,
            1
          ]
        },
        {
          "vertices": [
            2,
            4,
            5
          ]
        },
        {
          "vertices": [
            2,
            5,
            3
          ]
        },
        {
          "vertices": [
            0,
            6,
            3
          ]
        },
        {
          "vertices": [
            0,
            3,
            5
          ]
        },
        {
          "vertices": [
            0,
            1,
            7
          ]
        },
        {
          "vertices": [
            0,
            7,
            6
          ]
        },
        {
          "vertices": [
            1,
            4,
            2
          ]
        },
        {
          "vertices": [
            1,
            2,
            7
          ]
        }
      ]
    },
    {
      "id": "79af49be-fe41-4e5f-8a0c-a40705ff781f",
      "vertices": [
        {
          "x": 0.072949034,
          "y": -0.190983048,
          "z": 0.145898068
        },
        {
          "x": 0.190983048,
          "y": -0.145898068,
          "z": 0.072949034
        },
        {
          "x": 0.145898068,
          "y": -0.072949034,
          "z": 0.190983048
        },
        {
          "x": 0.236068028,
          "y": 0.072949034,
          "z": 0.045084983
        },
        {
          "x": 0.190983048,
          "y": 0.145898068,
          "z": 0.072949034
        },
        {
          "x": 0.145898068,
          "y": 0.072949034,
          "z": 0.190983048
        },
        {
          "x": 0.190983048,
          "y": 0,
          "z": 0.163118994
        },
        {
          "x": 0.045084983,
          "y": -0.236068028,
          "z": 0.072949034
        },
        {
          "x": -0.045084983,
          "y": -0.236068028,
          "z": 0.072949034
        },
        {
          "x": -0.045084983,
          "y": -0.236068028,
          "z": -0.072949034
        },
        {
          "x": 0.045084983,
          "y": -0.236068028,
          "z": -0.072949034
        },
        {
          "x": 0.236068028,
          "y": -0.072949034,
          "z": -0.045084983
        },
        {
          "x": 0.190983048,
          "y": -0.145898068,
          "z": -0.072949034
        },
        {
          "x": 0.145898068,
          "y": -0.072949034,
          "z": -0.190983048
        },
        {
          "x": 0.190983048,
          "y": 0,
          "z": -0.163118994
        },
        {
          "x": 0,
          "y": 0.163118994,
          "z": -0.190983048
        },
        {
          "x": 0.072949034,
          "y": 0.190983048,
          "z": -0.145898068
        },
        {
          "x": 0.145898068,
          "y": 0.072949034,
          "z": -0.190983048
        },
        {
          "x": 0.072949034,
          "y": 0.045084983,
          "z": -0.236068028
        },
        {
          "x": 0.236068028,
          "y": 0.072949034,
          "z": -0.045084983
        },
        {
          "x": -0.072949034,
          "y": -0.190983048,
          "z": 0.145898068
        },
        {
          "x": 0,
          "y": -0.163118994,
          "z": 0.190983048
        },
        {
          "x": 0.190983048,
          "y": 0.145898068,
          "z": -0.072949034
        },
        {
          "x": 0.163118994,
          "y": 0.190983048,
          "z": 0
        },
        {
          "x": -0.163118994,
          "y": 0.190983048,
          "z": 0
        },
        {
          "x": -0.190983048,
          "y": 0.145898068,
          "z": 0.072949034
        },
        {
          "x": -0.072949034,
          "y": 0.190983048,
          "z": 0.145898068
        },
        {
          "x": -0.045084983,
          "y": 0.236068028,
          "z": 0.072949034
        },
        {
          "x": 0.072949034,
          "y": -0.045084983,
          "z": -0.236068028
        },
        {
          "x": 0.045084983,
          "y": 0.236068028,
          "z": 0.072949034
        },
        {
          "x": 0.072949034,
          "y": 0.190983048,
          "z": 0.145898068
        },
        {
          "x": -0.190983048,
          "y": -0.145898068,
          "z": 0.072949034
        },
        {
          "x": -0.163118994,
          "y": -0.190983048,
          "z": 0
        },
        {
          "x": 0,
          "y": 0.163118994,
          "z": 0.190983048
        },
        {
          "x": 0.072949034,
          "y": -0.190983048,
          "z": -0.145898068
        },
        {
          "x": 0,
          "y": -0.163118994,
          "z": -0.190983048
        },
        {
          "x": -0.236068028,
          "y": 0.072949034,
          "z": 0.045084983
        },
        {
          "x": -0.190983048,
          "y": 0,
          "z": 0.163118994
        },
        {
          "x": -0.145898068,
          "y": 0.072949034,
          "z": 0.190983048
        },
        {
          "x": 0.236068028,
          "y": -0.072949034,
          "z": 0.045084983
        },
        {
          "x": -0.072949034,
          "y": -0.190983048,
          "z": -0.145898068
        },
        {
          "x": -0.236068028,
          "y": 0.072949034,
          "z": -0.045084983
        },
        {
          "x": -0.236068028,
          "y": -0.072949034,
          "z": -0.045084983
        },
        {
          "x": -0.236068028,
          "y": -0.072949034,
          "z": 0.045084983
        },
        {
          "x": 0.045084983,
          "y": 0.236068028,
          "z": -0.072949034
        },
        {
          "x": -0.190983048,
          "y": 0.145898068,
          "z": -0.072949034
        },
        {
          "x": -0.045084983,
          "y": 0.236068028,
          "z": -0.072949034
        },
        {
          "x": -0.072949034,
          "y": 0.190983048,
          "z": -0.145898068
        },
        {
          "x": -0.145898068,
          "y": -0.072949034,
          "z": 0.190983048
        },
        {
          "x": 0.072949034,
          "y": 0.045084983,
          "z": 0.236068028
        },
        {
          "x": -0.072949034,
          "y": 0.045084983,
          "z": -0.236068028
        },
        {
          "x": -0.072949034,
          "y": 0.045084983,
          "z": 0.236068028
        },
        {
          "x": -0.072949034,
          "y": -0.045084983,
          "z": 0.236068028
        },
        {
          "x": 0.072949034,
          "y": -0.045084983,
          "z": 0.236068028
        },
        {
          "x": 0.163118994,
          "y": -0.190983048,
          "z": 0
        },
        {
          "x": -0.190983048,
          "y": 0,
          "z": -0.163118994
        },
        {
          "x": -0.145898068,
          "y": -0.072949034,
          "z": -0.190983048
        },
        {
          "x": -0.072949034,
          "y": -0.045084983,
          "z": -0.236068028
        },
        {
          "x": -0.145898068,
          "y": 0.072949034,
          "z": -0.190983048
        },
        {
          "x": -0.190983048,
          "y": -0.145898068,
          "z": -0.072949034
        }
      ],
      "faces": [
        {
          "vertices": [
            9,
            40,
            35
          ]
        },
        {
          "vertices": [
            9,
            35,
            34
          ]
        },
        {
          "vertices": [
            9,
            34,
            10
          ]
        },
        {
          "vertices": [
            0,
            1,
            2
          ]
        },
        {
          "vertices": [
            33,
            51,
            49
          ]
        },
        {
          "vertices": [
            25,
            36,
            37
          ]
        },
        {
          "vertices": [
            25,
            37,
            38
          ]
        },
        {
          "vertices": [
            41,
            55,
            42
          ]
        },
        {
          "vertices": [
            9,
            32,
            59
          ]
        },
        {
          "vertices": [
            9,
            59,
            40
          ]
        },
        {
          "vertices": [
            20,
            21,
            52
          ]
        },
        {
          "vertices": [
            20,
            52,
            48
          ]
        },
        {
          "vertices": [
            26,
            33,
            30
          ]
        },
        {
          "vertices": [
            26,
            30,
            29
          ]
        },
        {
          "vertices": [
            26,
            29,
            27
          ]
        },
        {
          "vertices": [
            3,
            4,
            5
          ]
        },
        {
          "vertices": [
            3,
            5,
            6
          ]
        },
        {
          "vertices": [
            27,
            29,
            44
          ]
        },
        {
          "vertices": [
            27,
            44,
            46
          ]
        },
        {
          "vertices": [
            50,
            57,
            56
          ]
        },
        {
          "vertices": [
            50,
            56,
            55
          ]
        },
        {
          "vertices": [
            50,
            55,
            58
          ]
        },
        {
          "vertices": [
            26,
            38,
            51
          ]
        },
        {
          "vertices": [
            26,
            51,
            33
          ]
        },
        {
          "vertices": [
            45,
            47,
            58
          ]
        },
        {
          "vertices": [
            18,
            28,
            57
          ]
        },
        {
          "vertices": [
            18,
            57,
            50
          ]
        },
        {
          "vertices": [
            40,
            59,
            56
          ]
        },
        {
          "vertices": [
            31,
            48,
            37
          ]
        },
        {
          "vertices": [
            31,
            37,
            43
          ]
        },
        {
          "vertices": [
            7,
            8,
            9
          ]
        },
        {
          "vertices": [
            7,
            9,
            10
          ]
        },
        {
          "vertices": [
            36,
            41,
            42
          ]
        },
        {
          "vertices": [
            36,
            42,
            43
          ]
        },
        {
          "vertices": [
            24,
            46,
            47
          ]
        },
        {
          "vertices": [
            24,
            47,
            45
          ]
        },
        {
          "vertices": [
            4,
            30,
            5
          ]
        },
        {
          "vertices": [
            15,
            47,
            46
          ]
        },
        {
          "vertices": [
            15,
            46,
            44
          ]
        },
        {
          "vertices": [
            15,
            44,
            16
          ]
        },
        {
          "vertices": [
            15,
            50,
            58
          ]
        },
        {
          "vertices": [
            15,
            58,
            47
          ]
        },
        {
          "vertices": [
            24,
            45,
            41
          ]
        },
        {
          "vertices": [
            24,
            41,
            36
          ]
        },
        {
          "vertices": [
            24,
            36,
            25
          ]
        },
        {
          "vertices": [
            11,
            14,
            19
          ]
        },
        {
          "vertices": [
            3,
            6,
            39
          ]
        },
        {
          "vertices": [
            1,
            39,
            6
          ]
        },
        {
          "vertices": [
            1,
            6,
            2
          ]
        },
        {
          "vertices": [
            8,
            32,
            9
          ]
        },
        {
          "vertices": [
            11,
            12,
            13
          ]
        },
        {
          "vertices": [
            11,
            13,
            14
          ]
        },
        {
          "vertices": [
            16,
            22,
            17
          ]
        },
        {
          "vertices": [
            0,
            21,
            20
          ]
        },
        {
          "vertices": [
            0,
            20,
            8
          ]
        },
        {
          "vertices": [
            0,
            8,
            7
          ]
        },
        {
          "vertices": [
            12,
            34,
            13
          ]
        },
        {
          "vertices": [
            35,
            40,
            56
          ]
        },
        {
          "vertices": [
            35,
            56,
            57
          ]
        },
        {
          "vertices": [
            0,
            7,
            54
          ]
        },
        {
          "vertices": [
            0,
            54,
            1
          ]
        },
        {
          "vertices": [
            15,
            16,
            17
          ]
        },
        {
          "vertices": [
            15,
            17,
            18
          ]
        },
        {
          "vertices": [
            3,
            19,
            22
          ]
        },
        {
          "vertices": [
            3,
            22,
            23
          ]
        },
        {
          "vertices": [
            3,
            23,
            4
          ]
        },
        {
          "vertices": [
