{
  "field" : "golden",
  "symmetry" : "icosahedral",
  "orientations" : [ [ 1.0, 0.0, 0.0, 0.0, 0.0, 1.0, 0.0, 0.0, 0.0, 0.0, 1.0, 0.0, 0.0, 0.0, 0.0, 1.0 ], [ 0.0, 0.0, 1.0, 0.0, 1.0, 0.0, 0.0, 0.0, 0.0, 1.0, 0.0, 0.0, 0.0, 0.0, 0.0, 1.0 ], [ 0.0, 1.0, 0.0, 0.0, 0.0, 0.0, 1.0, 0.0, 1.0, 0.0, 0.0, 0.0, 0.0, 0.0, 0.0, 1.0 ], [ 0.809017, 0.309017, 0.5, 0.0, 0.309017, 0.5, -0.809017, 0.0, -0.5, 0.809017, 0.309017, 0.0, 0.0, 0.0, 0.0, 1.0 ], [ -0.5, 0.809017, 0.309017, 0.0, 0.809017, 0.309017, 0.5, 0.0, 0.309017, 0.5, -0.809017, 0.0, 0.0, 0.0, 0.0, 1.0 ], [ 0.309017, 0.5, -0.809017, 0.0, -0.5, 0.809017, 0.309017, 0.0, 0.809017, 0.309017, 0.5, 0.0, 0.0, 0.0, 0.0, 1.0 ], [ 0.5, 0.809017, 0.309017, 0.0, 0.809017, -0.309017, -0.5, 0.0, -0.309017, 0.5, -0.809017, 0.0, 0.0, 0.0, 0.0, 1.0 ], [ -0.309017, 0.5, -0.809017, 0.0, 0.5, 0.809017, 0.309017, 0.0, 0.809017, -0.309017, -0.5, 0.0, 0.0, 0.0, 0.0, 1.0 ], [ 0.809017, -0.309017, -0.5, 0.0, -0.309017, 0.5, -0.809017, 0.0, 0.5, 0.809017, 0.309017, 0.0, 0.0, 0.0, 0.0, 1.0 ], [ 0.5, 0.809017, -0.309017, 0.0, 0.809017, -0.309017, 0.5, 0.0, 0.309017, -0.5, -0.809017, 0.0, 0.0, 0.0, 0.0, 1.0 ], [ 0.309017, -0.5, -0.809017, 0.0, 0.5, 0.809017, -0.309017, 0.0, 0.809017, -0.309017, 0.5, 0.0, 0.0, 0.0, 0.0, 1.0 ], [ 0.809017, -0.309017, 0.5, 0.0, 0.309017, -0.5, -0.809017, 0.0, 0.5, 0.809017, -0.309017, 0.0, 0.0, 0.0, 0.0, 1.0 ], [ 0.809017, 0.309017, -0.5, 0.0, 0.309017, 0.5, 0.809017, 0.0, 0.5, -0.809017, 0.309017, 0.0, 0.0, 0.0, 0.0, 1.0 ], [ 0.5, -0.809017, 0.309017, 0.0, 0.809017, 0.309017, -0.5, 0.0, 0.309017, 0.5, 0.809017, 0.0, 0.0, 0.0, 0.0, 1.0 ], [ 0.309017, 0.5, 0.809017, 0.0, 0.5, -0.809017, 0.309017, 0.0, 0.809017, 0.309017, -0.5, 0.0, 0.0, 0.0, 0.0, 1.0 ], [ 1.0, 0.0, 0.0, 0.0, 0.0, -1.0, 0.0, 0.0, 0.0, 0.0, -1.0, 0.0, 0.0, 0.0, 0.0, 1.0 ], [ 0.0, 0.0, 1.0, 0.0, -1.0, 0.0, 0.0, 0.0, 0.0, -1.0, 0.0, 0.0, 0.0, 0.0, 0.0, 1.0 ], [ 0.0, 1.0, 0.0, 0.0, 0.0, 0.0, -1.0, 0.0, -1.0, 0.0, 0.0, 0.0, 0.0, 0.0, 0.0, 1.0 ], [ 0.809017, 0.309017, 0.5, 0.0, -0.309017, -0.5, 0.809017, 0.0, 0.5, -0.809017, -0.309017, 0.0, 0.0, 0.0, 0.0, 1.0 ], [ -0.5, 0.809017, 0.309017, 0.0, -0.809017, -0.309017, -0.5, 0.0, -0.309017, -0.5, 0.809017, 0.0, 0.0, 0.0, 0.0, 1.0 ], [ 0.309017, 0.5, -0.809017, 0.0, 0.5, -0.809017, -0.309017, 0.0, -0.809017, -0.309017, -0.5, 0.0, 0.0, 0.0, 0.0, 1.0 ], [ 0.5, 0.809017, 0.309017, 0.0, -0.809017, 0.309017, 0.5, 0.0, 0.309017, -0.5, 0.809017, 0.0, 0.0, 0.0, 0.0, 1.0 ], [ -0.309017, 0.5, -0.809017, 0.0, -0.5, -0.809017, -0.309017, 0.0, -0.809017, 0.309017, 0.5, 0.0, 0.0, 0.0, 0.0, 1.0 ], [ 0.809017, -0.309017, -0.5, 0.0, 0.309017, -0.5, 0.809017, 0.0, -0.5, -0.809017, -0.309017, 0.0, 0.0, 0.0, 0.0, 1.0 ], [ 0.5, 0.809017, -0.309017, 0.0, -0.809017, 0.309017, -0.5, 0.0, -0.309017, 0.5, 0.809017, 0.0, 0.0, 0.0, 0.0, 1.0 ], [ 0.309017, -0.5, -0.809017, 0.0, -0.5, -0.809017, 0.309017, 0.0, -0.809017, 0.309017, -0.5, 0.0, 0.0, 0.0, 0.0, 1.0 ], [ 0.809017, -0.309017, 0.5, 0.0, -0.309017, 0.5, 0.809017, 0.0, -0.5, -0.809017, 0.309017, 0.0, 0.0, 0.0, 0.0, 1.0 ], [ 0.809017, 0.309017, -0.5, 0.0, -0.309017, -0.5, -0.809017, 0.0, -0.5, 0.809017, -0.309017, 0.0, 0.0, 0.0, 0.0, 1.0 ], [ 0.5, -0.809017, 0.309017, 0.0, -0.809017, -0.309017, 0.5, 0.0, -0.309017, -0.5, -0.809017, 0.0, 0.0, 0.0, 0.0, 1.0 ], [ 0.309017, 0.5, 0.809017, 0.0, -0.5, 0.809017, -0.309017, 0.0, -0.809017, -0.309017, 0.5, 0.0, 0.0, 0.0, 0.0, 1.0 ], [ -1.0, 0.0, 0.0, 0.0, 0.0, -1.0, 0.0, 0.0, 0.0, 0.0, 1.0, 0.0, 0.0, 0.0, 0.0, 1.0 ], [ 0.0, 0.0, -1.0, 0.0, -1.0, 0.0, 0.0, 0.0, 0.0, 1.0, 0.0, 0.0, 0.0, 0.0, 0.0, 1.0 ], [ 0.0, -1.0, 0.0, 0.0, 0.0, 0.0, -1.0, 0.0, 1.0, 0.0, 0.0, 0.0, 0.0, 0.0, 0.0, 1.0 ], [ -0.809017, -0.309017, -0.5, 0.0, -0.309017, -0.5, 0.809017, 0.0, -0.5, 0.809017, 0.309017, 0.0, 0.0, 0.0, 0.0, 1.0 ], [ 0.5, -0.809017, -0.309017, 0.0, -0.809017, -0.309017, -0.5, 0.0, 0.309017, 0.5, -0.809017, 0.0, 0.0, 0.0, 0.0, 1.0 ], [ -0.309017, -0.5, 0.809017, 0.0, 0.5, -0.809017, -0.309017, 0.0, 0.809017, 0.309017, 0.5, 0.0, 0.0, 0.0, 0.0, 1.0 ], [ -0.5, -0.809017, -0.309017, 0.0, -0.809017, 0.309017, 0.5, 0.0, -0.309017, 0.5, -0.809017, 0.0, 0.0, 0.0, 0.0, 1.0 ], [ 0.309017, -0.5, 0.809017, 0.0, -0.5, -0.809017, -0.309017, 0.0, 0.809017, -0.309017, -0.5, 0.0, 0.0, 0.0, 0.0, 1.0 ], [ -0.809017, 0.309017, 0.5, 0.0, 0.309017, -0.5, 0.809017, 0.0, 0.5, 0.809017, 0.309017, 0.0, 0.0, 0.0, 0.0, 1.0 ], [ -0.5, -0.809017, 0.309017, 0.0, -0.809017, 0.309017, -0.5, 0.0, 0.309017, -0.5, -0.809017, 0.0, 0.0, 0.0, 0.0, 1.0 ], [ -0.309017, 0.5, 0.809017, 0.0, -0.5, -0.809017, 0.309017, 0.0, 0.809017, -0.309017, 0.5, 0.0, 0.0, 0.0, 0.0, 1.0 ], [ -0.809017, 0.309017, -0.5, 0.0, -0.309017, 0.5, 0.809017, 0.0, 0.5, 0.809017, -0.309017, 0.0, 0.0, 0.0, 0.0, 1.0 ], [ -0.809017, -0.309017, 0.5, 0.0, -0.309017, -0.5, -0.809017, 0.0, 0.5, -0.809017, 0.309017, 0.0, 0.0, 0.0, 0.0, 1.0 ], [ -0.5, 0.809017, -0.309017, 0.0, -0.809017, -0.309017, 0.5, 0.0, 0.309017, 0.5, 0.809017, 0.0, 0.0, 0.0, 0.0, 1.0 ], [ -0.309017, -0.5, -0.809017, 0.0, -0.5, 0.809017, -0.309017, 0.0, 0.809017, 0.309017, -0.5, 0.0, 0.0, 0.0, 0.0, 1.0 ], [ -1.0, 0.0, 0.0, 0.0, 0.0, 1.0, 0.0, 0.0, 0.0, 0.0, -1.0, 0.0, 0.0, 0.0, 0.0, 1.0 ], [ 0.0, 0.0, -1.0, 0.0, 1.0, 0.0, 0.0, 0.0, 0.0, -1.0, 0.0, 0.0, 0.0, 0.0, 0.0, 1.0 ], [ 0.0, -1.0, 0.0, 0.0, 0.0, 0.0, 1.0, 0.0, -1.0, 0.0, 0.0, 0.0, 0.0, 0.0, 0.0, 1.0 ], [ -0.809017, -0.309017, -0.5, 0.0, 0.309017, 0.5, -0.809017, 0.0, 0.5, -0.809017, -0.309017, 0.0, 0.0, 0.0, 0.0, 1.0 ], [ 0.5, -0.809017, -0.309017, 0.0, 0.809017, 0.309017, 0.5, 0.0, -0.309017, -0.5, 0.809017, 0.0, 0.0, 0.0, 0.0, 1.0 ], [ -0.309017, -0.5, 0.809017, 0.0, -0.5, 0.809017, 0.309017, 0.0, -0.809017, -0.309017, -0.5, 0.0, 0.0, 0.0, 0.0, 1.0 ], [ -0.5, -0.809017, -0.309017, 0.0, 0.809017, -0.309017, -0.5, 0.0, 0.309017, -0.5, 0.809017, 0.0, 0.0, 0.0, 0.0, 1.0 ], [ 0.309017, -0.5, 0.809017, 0.0, 0.5, 0.809017, 0.309017, 0.0, -0.809017, 0.309017, 0.5, 0.0, 0.0, 0.0, 0.0, 1.0 ], [ -0.809017, 0.309017, 0.5, 0.0, -0.309017, 0.5, -0.809017, 0.0, -0.5, -0.809017, -0.309017, 0.0, 0.0, 0.0, 0.0, 1.0 ], [ -0.5, -0.809017, 0.309017, 0.0, 0.809017, -0.309017, 0.5, 0.0, -0.309017, 0.5, 0.809017, 0.0, 0.0, 0.0, 0.0, 1.0 ], [ -0.309017, 0.5, 0.809017, 0.0, 0.5, 0.809017, -0.309017, 0.0, -0.809017, 0.309017, -0.5, 0.0, 0.0, 0.0, 0.0, 1.0 ], [ -0.809017, 0.309017, -0.5, 0.0, 0.309017, -0.5, -0.809017, 0.0, -0.5, -0.809017, 0.309017, 0.0, 0.0, 0.0, 0.0, 1.0 ], [ -0.809017, -0.309017, 0.5, 0.0, 0.309017, 0.5, 0.809017, 0.0, -0.5, 0.809017, -0.309017, 0.0, 0.0, 0.0, 0.0, 1.0 ], [ -0.5, 0.809017, -0.309017, 0.0, 0.809017, 0.309017, -0.5, 0.0, -0.309017, -0.5, -0.809017, 0.0, 0.0, 0.0, 0.0, 1.0 ], [ -0.309017, -0.5, -0.809017, 0.0, 0.5, -0.809017, 0.309017, 0.0, -0.809017, -0.309017, 0.5, 0.0, 0.0, 0.0, 0.0, 1.0 ] ],
  "lights" : {
    "directionalLights" : [ {
      "direction" : [ 1.0, -1.0, -1.0 ],
      "color" : "#EBEBE4"
    }, {
      "direction" : [ -1.0, 0.0, 0.0 ],
      "color" : "#E4E4EB"
    }, {
      "direction" : [ 0.0, 0.0, -1.0 ],
      "color" : "#1E1E1E"
    } ],
    "ambientColor" : "#292929",
    "backgroundColor" : "#AFC8DC"
  },
  "camera" : {
    "position" : {
      "x" : 0.0,
      "y" : 0.0,
      "z" : 100.37162
    },
    "width" : 45.16724,
    "lookDirection" : {
      "x" : 0.0,
      "y" : 0.0,
      "z" : -1.0
    },
    "upDirection" : {
      "x" : 0.0,
      "y" : 1.0,
      "z" : 0.0
    },
    "lookAtPoint" : {
      "x" : 0.0,
      "y" : 0.0,
      "z" : 0.0
    },
    "stereo" : false,
    "nearClipDistance" : 0.25092915,
    "viewDistance" : 100.37162,
    "fieldOfView" : 0.44262898,
    "perspective" : true,
    "farClipDistance" : 200.74301
  },
  "embedding" : [ 1.0, 0.0, 0.0, 0.0, 0.0, 1.0, 0.0, 0.0, 0.0, 0.0, 1.0, 0.0, 0.0, 0.0, 0.0, 1.0 ],
  "shapes" : [ {
    "id" : "c438fbfb-c5dc-4a2e-a715-db0fbd0f7591",
    "vertices" : [ {
      "x" : 0.0,
      "y" : -1.7415323,
      "z" : 5.461012
    }, {
      "x" : 4.236068,
      "y" : -6.6415615,
      "z" : 0.0
    }, {
      "x" : 5.461012,
      "y" : 1.7415323,
      "z" : 0.0
    } ],
    "faces" : [ {
      "vertices" : [ 0, 1, 2 ]
    }, {
      "vertices" : [ 0, 2, 1 ]
    } ]
  }, {
    "id" : "cee1a2ff-ee2c-464e-a324-7dd6113bd901",
    "vertices" : [ {
      "x" : 0.0,
      "y" : -1.7415323,
      "z" : 5.461012
    }, {
      "x" : 0.0,
      "y" : 6.6415615,
      "z" : 4.236068
    }, {
      "x" : -5.461012,
      "y" : 1.7415323,
      "z" : 0.0
    } ],
    "faces" : [ {
      "vertices" : [ 0, 1, 2 ]
    }, {
      "vertices" : [ 0, 2, 1 ]
    } ]
  }, {
    "id" : "2a34c2c7-4798-43dd-bfa6-91f53d2e607e",
    "vertices" : [ {
      "x" : -5.461012,
      "y" : 1.7415323,
      "z" : 0.0
    }, {
      "x" : 0.0,
      "y" : 6.6415615,
      "z" : 4.236068
    }, {
      "x" : 0.0,
      "y" : 6.6415615,
      "z" : -4.236068
    } ],
    "faces" : [ {
      "vertices" : [ 0, 1, 2 ]
    }, {
      "vertices" : [ 0, 2, 1 ]
    } ]
  }, {
    "id" : "b701284c-bb02-42ae-97c2-f3e067065e50",
    "vertices" : [ {
      "x" : 0.0,
      "y" : -1.7415323,
      "z" : 5.461012
    }, {
      "x" : 5.461012,
      "y" : 1.7415323,
      "z" : 0.0
    }, {
      "x" : 0.0,
      "y" : 6.6415615,
      "z" : 4.236068
    } ],
    "faces" : [ {
      "vertices" : [ 0, 1, 2 ]
    }, {
      "vertices" : [ 0, 2, 1 ]
    } ]
  }, {
    "id" : "87425469-20d1-4437-a47b-e11cb11e436f",
    "vertices" : [ {
      "x" : 0.0,
      "y" : -1.7415323,
      "z" : 5.461012
    }, {
      "x" : -4.236068,
      "y" : -6.6415615,
      "z" : 0.0
    }, {
      "x" : 4.236068,
      "y" : -6.6415615,
      "z" : 0.0
    } ],
    "faces" : [ {
      "vertices" : [ 0, 1, 2 ]
    }, {
      "vertices" : [ 0, 2, 1 ]
    } ]
  }, {
    "id" : "e3bf623e-e168-4ab6-ba32-1af1284f6847",
    "vertices" : [ {
      "x" : 5.461012,
      "y" : 1.7415323,
      "z" : 0.0
    }, {
      "x" : 0.0,
      "y" : 6.6415615,
      "z" : -4.236068
    }, {
      "x" : 0.0,
      "y" : 6.6415615,
      "z" : 4.236068
    } ],
    "faces" : [ {
      "vertices" : [ 0, 1, 2 ]
    }, {
      "vertices" : [ 0, 2, 1 ]
    } ]
  }, {
    "id" : "0887a368-d2df-4732-8866-1258b7d65dd0",
    "vertices" : [ {
      "x" : 0.0,
      "y" : -1.7415323,
      "z" : -5.461012
    }, {
      "x" : -4.236068,
      "y" : -6.6415615,
      "z" : 0.0
    }, {
      "x" : -5.461012,
      "y" : 1.7415323,
      "z" : 0.0
    } ],
    "faces" : [ {
      "vertices" : [ 0, 1, 2 ]
    }, {
      "vertices" : [ 0, 2, 1 ]
    } ]
  }, {
    "id" : "ec1c77c4-a7cb-4da8-8770-277aaa3c3afe",
    "vertices" : [ {
      "x" : 0.0,
      "y" : -1.7415323,
      "z" : -5.461012
    }, {
      "x" : -5.461012,
      "y" : 1.7415323,
      "z" : 0.0
    }, {
      "x" : 0.0,
      "y" : 6.6415615,
      "z" : -4.236068
    } ],
    "faces" : [ {
      "vertices" : [ 0, 1, 2 ]
    }, {
      "vertices" : [ 0, 2, 1 ]
    } ]
  }, {
    "id" : "166008a2-36fd-4514-bf05-edcb90820b28",
    "vertices" : [ {
      "x" : 0.0,
      "y" : -1.7415323,
      "z" : -5.461012
    }, {
      "x" : 5.461012,
      "y" : 1.7415323,
      "z" : 0.0
    }, {
      "x" : 4.236068,
      "y" : -6.6415615,
      "z" : 0.0
    } ],
    "faces" : [ {
      "vertices" : [ 0, 1, 2 ]
    }, {
      "vertices" : [ 0, 2, 1 ]
    } ]
  }, {
    "id" : "007b9d23-2751-48a3-ab62-416b533660ad",
    "vertices" : [ {
      "x" : 0.0,
      "y" : -1.7415323,
      "z" : 5.461012
    }, {
      "x" : -5.461012,
      "y" : 1.7415323,
      "z" : 0.0
    }, {
      "x" : -4.236068,
      "y" : -6.6415615,
      "z" : 0.0
    } ],
    "faces" : [ {
      "vertices" : [ 0, 1, 2 ]
    }, {
      "vertices" : [ 0, 2, 1 ]
    } ]
  }, {
    "id" : "4c35da40-cb3e-49ed-9493-73679ff75b17",
    "vertices" : [ {
      "x" : 0.0,
      "y" : -1.7415323,
      "z" : -5.461012
    }, {
      "x" : 0.0,
      "y" : 6.6415615,
      "z" : -4.236068
    }, {
      "x" : 5.461012,
      "y" : 1.7415323,
      "z" : 0.0
    } ],
    "faces" : [ {
      "vertices" : [ 0, 1, 2 ]
    }, {
      "vertices" : [ 0, 2, 1 ]
    } ]
  }, {
    "id" : "c57cc160-3c91-4108-81fc-e4c83ce76b34",
    "vertices" : [ {
      "x" : 0.0,
      "y" : -1.7415323,
      "z" : -5.461012
    }, {
      "x" : 4.236068,
      "y" : -6.6415615,
      "z" : 0.0
    }, {
      "x" : -4.236068,
      "y" : -6.6415615,
      "z" : 0.0
    } ],
    "faces" : [ {
      "vertices" : [ 0, 1, 2 ]
    }, {
      "vertices" : [ 0, 2, 1 ]
    } ]
  }, {
    "id" : "70b3a53d-5127-4c95-ad7f-e9eafe6e5820",
    "vertices" : [ {
      "x" : -5.194928,
      "y" : 4.4117336,
      "z" : -3.6337202
    }, {
      "x" : -5.0949283,
      "y" : 4.3117332,
      "z" : -4.03372
    }, {
      "x" : -0.2660834,
      "y" : 0.4882958,
      "z" : -0.6023478
    }, {
      "x" : -0.36608338,
      "y" : 0.5882958,
      "z" : -0.20234782
    }, {
      "x" : -4.861595,
      "y" : 4.6117334,
      "z" : -4.1670537
    }, {
      "x" : -4.961595,
      "y" : 4.7117333,
      "z" : -3.7670536
    }, {
      "x" : -0.59941673,
      "y" : 0.2882958,
      "z" : -0.069014475
    }, {
      "x" : -0.49941674,
      "y" : 0.18829581,
      "z" : -0.46901447
    } ],
    "faces" : [ {
      "vertices" : [ 2, 3, 6 ]
    }, {
      "vertices" : [ 2, 6, 7 ]
    }, {
      "vertices" : [ 0, 5, 4 ]
    }, {
      "vertices" : [ 0, 4, 1 ]
    }, {
      "vertices" : [ 2, 4, 5 ]
    }, {
      "vertices" : [ 2, 5, 3 ]
    }, {
      "vertices" : [ 0, 6, 3 ]
    }, {
      "vertices" : [ 0, 3, 5 ]
    }, {
      "vertices" : [ 0, 1, 7 ]
    }, {
      "vertices" : [ 0, 7, 6 ]
    }, {
      "vertices" : [ 1, 4, 2 ]
    }, {
      "vertices" : [ 1, 2, 7 ]
    } ]
  }, {
    "id" : "17f8c3f3-a5ab-48ef-a9b8-829746bac302",
    "vertices" : [ {
      "x" : 4.03372,
      "y" : -4.3117332,
      "z" : -5.0949283
    }, {
      "x" : 3.6337202,
      "y" : -4.4117336,
      "z" : -5.194928
    }, {
      "x" : 0.20234782,
      "y" : -0.5882958,
      "z" : -0.36608338
    }, {
      "x" : 0.6023478,
      "y" : -0.4882958,
      "z" : -0.2660834
    }, {
      "x" : 3.7670536,
      "y" : -4.7117333,
      "z" : -4.961595
    }, {
      "x" : 4.1670537,
      "y" : -4.6117334,
      "z" : -4.861595
    }, {
      "x" : 0.46901447,
      "y" : -0.18829581,
      "z" : -0.49941674
    }, {
      "x" : 0.069014475,
      "y" : -0.2882958,
      "z" : -0.59941673
    } ],
    "faces" : [ {
      "vertices" : [ 2, 3, 6 ]
    }, {
      "vertices" : [ 2, 6, 7 ]
    }, {
      "vertices" : [ 0, 5, 4 ]
    }, {
      "vertices" : [ 0, 4, 1 ]
    }, {
      "vertices" : [ 2, 4, 5 ]
    }, {
      "vertices" : [ 2, 5, 3 ]
    }, {
      "vertices" : [ 0, 6, 3 ]
    }, {
      "vertices" : [ 0, 3, 5 ]
    }, {
      "vertices" : [ 0, 1, 7 ]
    }, {
      "vertices" : [ 0, 7, 6 ]
    }, {
      "vertices" : [ 1, 4, 2 ]
    }, {
      "vertices" : [ 1, 2, 7 ]
    } ]
  }, {
    "id" : "ef283f84-44f0-44b4-8803-e9b8b507ef67",
    "vertices" : [ {
      "x" : -5.19644,
      "y" : -2.9413517,
      "z" : -4.9297733
    }, {
      "x" : -5.09644,
      "y" : -3.3413515,
      "z" : -4.8297734
    }, {
      "x" : -0.26457176,
      "y" : -0.541713,
      "z" : -0.53123844
    }, {
      "x" : -0.36457175,
      "y" : -0.141713,
      "z" : -0.6312384
    }, {
      "x" : -4.8631067,
      "y" : -3.474685,
      "z" : -5.129773
    }, {
      "x" : -4.9631066,
      "y" : -3.0746849,
      "z" : -5.2297735
    }, {
      "x" : -0.5979051,
      "y" : -0.008379662,
      "z" : -0.33123842
    }, {
      "x" : -0.49790508,
      "y" : -0.40837967,
      "z" : -0.23123842
    } ],
    "faces" : [ {
      "vertices" : [ 2, 3, 6 ]
    }, {
      "vertices" : [ 2, 6, 7 ]
    }, {
      "vertices" : [ 0, 5, 4 ]
    }, {
      "vertices" : [ 0, 4, 1 ]
    }, {
      "vertices" : [ 2, 4, 5 ]
    }, {
      "vertices" : [ 2, 5, 3 ]
    }, {
      "vertices" : [ 0, 6, 3 ]
    }, {
      "vertices" : [ 0, 3, 5 ]
    }, {
      "vertices" : [ 0, 1, 7 ]
    }, {
      "vertices" : [ 0, 7, 6 ]
    }, {
      "vertices" : [ 1, 4, 2 ]
    }, {
      "vertices" : [ 1, 2, 7 ]
    } ]
  }, {
    "id" : "79af49be-fe41-4e5f-8a0c-a40705ff781f",
    "vertices" : [ {
      "x" : 0.309017,
      "y" : -0.809017,
      "z" : 0.618034
    }, {
      "x" : 0.809017,
      "y" : -0.618034,
      "z" : 0.309017
    }, {
      "x" : 0.618034,
      "y" : -0.309017,
      "z" : 0.809017
    }, {
      "x" : 1.0,
      "y" : 0.309017,
      "z" : 0.19098301
    }, {
      "x" : 0.809017,
      "y" : 0.618034,
      "z" : 0.309017
    }, {
      "x" : 0.618034,
      "y" : 0.309017,
      "z" : 0.809017
    }, {
      "x" : 0.809017,
      "y" : 0.0,
      "z" : 0.690983
    }, {
      "x" : 0.19098301,
      "y" : -1.0,
      "z" : 0.309017
    }, {
      "x" : -0.19098301,
      "y" : -1.0,
      "z" : 0.309017
    }, {
      "x" : -0.19098301,
      "y" : -1.0,
      "z" : -0.309017
    }, {
      "x" : 0.19098301,
      "y" : -1.0,
      "z" : -0.309017
    }, {
      "x" : 1.0,
      "y" : -0.309017,
      "z" : -0.19098301
    }, {
      "x" : 0.809017,
      "y" : -0.618034,
      "z" : -0.309017
    }, {
      "x" : 0.618034,
      "y" : -0.309017,
      "z" : -0.809017
    }, {
      "x" : 0.809017,
      "y" : 0.0,
      "z" : -0.690983
    }, {
      "x" : 0.0,
      "y" : 0.690983,
      "z" : -0.809017
    }, {
      "x" : 0.309017,
      "y" : 0.809017,
      "z" : -0.618034
    }, {
      "x" : 0.618034,
      "y" : 0.309017,
      "z" : -0.809017
    }, {
      "x" : 0.309017,
      "y" : 0.19098301,
      "z" : -1.0
    }, {
      "x" : 1.0,
      "y" : 0.309017,
      "z" : -0.19098301
    }, {
      "x" : -0.309017,
      "y" : -0.809017,
      "z" : 0.618034
    }, {
      "x" : 0.0,
      "y" : -0.690983,
      "z" : 0.809017
    }, {
      "x" : 0.809017,
      "y" : 0.618034,
      "z" : -0.309017
    }, {
      "x" : 0.690983,
      "y" : 0.809017,
      "z" : 0.0
    }, {
      "x" : -0.690983,
      "y" : 0.809017,
      "z" : 0.0
    }, {
      "x" : -0.809017,
      "y" : 0.618034,
      "z" : 0.309017
    }, {
      "x" : -0.309017,
      "y" : 0.809017,
      "z" : 0.618034
    }, {
      "x" : -0.19098301,
      "y" : 1.0,
      "z" : 0.309017
    }, {
      "x" : 0.309017,
      "y" : -0.19098301,
      "z" : -1.0
    }, {
      "x" : 0.19098301,
      "y" : 1.0,
      "z" : 0.309017
    }, {
      "x" : 0.309017,
      "y" : 0.809017,
      "z" : 0.618034
    }, {
      "x" : -0.809017,
      "y" : -0.618034,
      "z" : 0.309017
    }, {
      "x" : -0.690983,
      "y" : -0.809017,
      "z" : 0.0
    }, {
      "x" : 0.0,
      "y" : 0.690983,
      "z" : 0.809017
    }, {
      "x" : 0.309017,
      "y" : -0.809017,
      "z" : -0.618034
    }, {
      "x" : 0.0,
      "y" : -0.690983,
      "z" : -0.809017
    }, {
      "x" : -1.0,
      "y" : 0.309017,
      "z" : 0.19098301
    }, {
      "x" : -0.809017,
      "y" : 0.0,
      "z" : 0.690983
    }, {
      "x" : -0.618034,
      "y" : 0.309017,
      "z" : 0.809017
    }, {
      "x" : 1.0,
      "y" : -0.309017,
      "z" : 0.19098301
    }, {
      "x" : -0.309017,
      "y" : -0.809017,
      "z" : -0.618034
    }, {
      "x" : -1.0,
      "y" : 0.309017,
      "z" : -0.19098301
    }, {
      "x" : -1.0,
      "y" : -0.309017,
      "z" : -0.19098301
    }, {
      "x" : -1.0,
      "y" : -0.309017,
      "z" : 0.19098301
    }, {
      "x" : 0.19098301,
      "y" : 1.0,
      "z" : -0.309017
    }, {
      "x" : -0.809017,
      "y" : 0.618034,
      "z" : -0.309017
    }, {
      "x" : -0.19098301,
      "y" : 1.0,
      "z" : -0.309017
    }, {
      "x" : -0.309017,
      "y" : 0.809017,
      "z" : -0.618034
    }, {
      "x" : -0.618034,
      "y" : -0.309017,
      "z" : 0.809017
    }, {
      "x" : 0.309017,
      "y" : 0.19098301,
      "z" : 1.0
    }, {
      "x" : -0.309017,
      "y" : 0.19098301,
      "z" : -1.0
    }, {
      "x" : -0.309017,
      "y" : 0.19098301,
      "z" : 1.0
    }, {
      "x" : -0.309017,
      "y" : -0.19098301,
      "z" : 1.0
    }, {
      "x" : 0.309017,
      "y" : -0.19098301,
      "z" : 1.0
    }, {
      "x" : 0.690983,
      "y" : -0.809017,
      "z" : 0.0
    }, {
      "x" : -0.809017,
      "y" : 0.0,
      "z" : -0.690983
    }, {
      "x" : -0.618034,
      "y" : -0.309017,
      "z" : -0.809017
    }, {
      "x" : -0.309017,
      "y" : -0.19098301,
      "z" : -1.0
    }, {
      "x" : -0.618034,
      "y" : 0.309017,
      "z" : -0.809017
    }, {
      "x" : -0.809017,
      "y" : -0.618034,
      "z" : -0.309017
    } ],
    "faces" : [ {
      "vertices" : [ 9, 40, 35 ]
    }, {
      "vertices" : [ 9, 35, 34 ]
    }, {
      "vertices" : [ 9, 34, 10 ]
    }, {
      "vertices" : [ 0, 1, 2 ]
    }, {
      "vertices" : [ 33, 51, 49 ]
    }, {
      "vertices" : [ 25, 36, 37 ]
    }, {
      "vertices" : [ 25, 37, 38 ]
    }, {
      "vertices" : [ 41, 55, 42 ]
    }, {
      "vertices" : [ 9, 32, 59 ]
    }, {
      "vertices" : [ 9, 59, 40 ]
    }, {
      "vertices" : [ 20, 21, 52 ]
    }, {
      "vertices" : [ 20, 52, 48 ]
    }, {
      "vertices" : [ 26, 33, 30 ]
    }, {
      "vertices" : [ 26, 30, 29 ]
    }, {
      "vertices" : [ 26, 29, 27 ]
    }, {
      "vertices" : [ 3, 4, 5 ]
    }, {
      "vertices" : [ 3, 5, 6 ]
    }, {
      "vertices" : [ 27, 29, 44 ]
    }, {
      "vertices" : [ 27, 44, 46 ]
    }, {
      "vertices" : [ 50, 57, 56 ]
    }, {
      "vertices" : [ 50, 56, 55 ]
    }, {
      "vertices" : [ 50, 55, 58 ]
    }, {
      "vertices" : [ 26, 38, 51 ]
    }, {
      "vertices" : [ 26, 51, 33 ]
    }, {
      "vertices" : [ 45, 47, 58 ]
    }, {
      "vertices" : [ 18, 28, 57 ]
    }, {
      "vertices" : [ 18, 57, 50 ]
    }, {
      "vertices" : [ 40, 59, 56 ]
    }, {
      "vertices" : [ 31, 48, 37 ]
    }, {
      "vertices" : [ 31, 37, 43 ]
    }, {
      "vertices" : [ 7, 8, 9 ]
    }, {
      "vertices" : [ 7, 9, 10 ]
    }, {
      "vertices" : [ 36, 41, 42 ]
    }, {
      "vertices" : [ 36, 42, 43 ]
    }, {
      "vertices" : [ 24, 46, 47 ]
    }, {
      "vertices" : [ 24, 47, 45 ]
    }, {
      "vertices" : [ 4, 30, 5 ]
    }, {
      "vertices" : [ 15, 47, 46 ]
    }, {
      "vertices" : [ 15, 46, 44 ]
    }, {
      "vertices" : [ 15, 44, 16 ]
    }, {
      "vertices" : [ 15, 50, 58 ]
    }, {
      "vertices" : [ 15, 58, 47 ]
    }, {
      "vertices" : [ 24, 45, 41 ]
    }, {
      "vertices" : [ 24, 41, 36 ]
    }, {
      "vertices" : [ 24, 36, 25 ]
    }, {
      "vertices" : [ 11, 14, 19 ]
    }, {
      "vertices" : [ 3, 6, 39 ]
    }, {
      "vertices" : [ 1, 39, 6 ]
    }, {
      "vertices" : [ 1, 6, 2 ]
    }, {
      "vertices" : [ 8, 32, 9 ]
    }, {
      "vertices" : [ 11, 12, 13 ]
    }, {
      "vertices" : [ 11, 13, 14 ]
    }, {
      "vertices" : [ 16, 22, 17 ]
    }, {
      "vertices" : [ 0, 21, 20 ]
    }, {
      "vertices" : [ 0, 20, 8 ]
    }, {
      "vertices" : [ 0, 8, 7 ]
    }, {
      "vertices" : [ 12, 34, 13 ]
    }, {
      "vertices" : [ 35, 40, 56 ]
    }, {
      "vertices" : [ 35, 56, 57 ]
    }, {
      "vertices" : [ 0, 7, 54 ]
    }, {
      "vertices" : [ 0, 54, 1 ]
    }, {
      "vertices" : [ 15, 16, 17 ]
    }, {
      "vertices" : [ 15, 17, 18 ]
    }, {
      "vertices" : [ 3, 19, 22 ]
    }, {
      "vertices" : [ 3, 22, 23 ]
    }, {
      "vertices" : [ 3, 23, 4 ]
    }, {
      "vertices" : [ 7, 10, 54 ]
    }, {
      "vertices" : [ 41, 45, 58 ]
    }, {
      "vertices" : [ 41, 58, 55 ]
    }, {
      "vertices" : [ 3, 39, 11 ]
    }, {
      "vertices" : [ 3, 11, 19 ]
    }, {
      "vertices" : [ 14, 17, 22 ]
    }, {
      "vertices" : [ 14, 22, 19 ]
    }, {
      "vertices" : [ 0, 2, 53 ]
    }, {
      "vertices" : [ 0, 53, 21 ]
    }, {
      "vertices" : [ 49, 51, 52 ]
    }, {
      "vertices" : [ 49, 52, 53 ]
    }, {
      "vertices" : [ 31, 43, 42 ]
    }, {
      "vertices" : [ 31, 42, 59 ]
    }, {
      "vertices" : [ 31, 59, 32 ]
    }, {
      "vertices" : [ 15, 18, 50 ]
    }, {
      "vertices" : [ 42, 55, 56 ]
    }, {
      "vertices" : [ 42, 56, 59 ]
    }, {
      "vertices" : [ 4, 23, 29 ]
    }, {
      "vertices" : [ 4, 29, 30 ]
    }, {
      "vertices" : [ 25, 38, 26 ]
    }, {
      "vertices" : [ 13, 28, 18 ]
    }, {
      "vertices" : [ 13, 18, 17 ]
    }, {
      "vertices" : [ 13, 17, 14 ]
    }, {
      "vertices" : [ 8, 20, 31 ]
    }, {
      "vertices" : [ 8, 31, 32 ]
    }, {
      "vertices" : [ 23, 44, 29 ]
    }, {
      "vertices" : [ 24, 27, 46 ]
    }, {
      "vertices" : [ 37, 48, 52 ]
    }, {
      "vertices" : [ 37, 52, 51 ]
    }, {
      "vertices" : [ 37, 51, 38 ]
    }, {
      "vertices" : [ 20, 48, 31 ]
    }, {
      "vertices" : [ 24, 25, 26 ]
    }, {
      "vertices" : [ 24, 26, 27 ]
    }, {
      "vertices" : [ 16, 44, 23 ]
    }, {
      "vertices" : [ 16, 23, 22 ]
    }, {
      "vertices" : [ 13, 34, 35 ]
    }, {
      "vertices" : [ 13, 35, 28 ]
    }, {
      "vertices" : [ 10, 34, 12 ]
    }, {
      "vertices" : [ 10, 12, 54 ]
    }, {
      "vertices" : [ 2, 6, 5 ]
    }, {
      "vertices" : [ 2, 5, 49 ]
    }, {
      "vertices" : [ 2, 49, 53 ]
    }, {
      "vertices" : [ 36, 43, 37 ]
    }, {
      "vertices" : [ 5, 30, 33 ]
    }, {
      "vertices" : [ 5, 33, 49 ]
    }, {
      "vertices" : [ 1, 54, 12 ]
    }, {
      "vertices" : [ 1, 12, 11 ]
    }, {
      "vertices" : [ 1, 11, 39 ]
    }, {
      "vertices" : [ 28, 35, 57 ]
    }, {
      "vertices" : [ 21, 53, 52 ]
    } ]
  }, {
    "id" : "1e1173a1-4a7c-45e2-a00c-e50e8a91c317",
    "vertices" : [ {
      "x" : 7.472136,
      "y" : 0.309017,
      "z" : 0.19098301
    }, {
      "x" : 7.472136,
      "y" : 0.309017,
      "z" : -0.19098301
    }, {
      "x" : 1.0,
      "y" : 0.309017,
      "z" : -0.19098301
    }, {
      "x" : 1.0,
      "y" : 0.309017,
      "z" : 0.19098301
    }, {
      "x" : 7.472136,
      "y" : -0.309017,
      "z" : 0.19098301
    }, {
      "x" : 1.0,
      "y" : -0.309017,
      "z" : 0.19098301
    }, {
      "x" : 1.0,
      "y" : -0.309017,
      "z" : -0.19098301
    }, {
      "x" : 7.472136,
      "y" : -0.309017,
      "z" : -0.19098301
    }, {
      "x" : 8.472136,
      "y" : 0.0,
      "z" : 0.0
    } ],
    "faces" : [ {
      "vertices" : [ 1, 7, 6 ]
    }, {
      "vertices" : [ 1, 6, 2 ]
    }, {
      "vertices" : [ 0, 1, 2 ]
    }, {
      "vertices" : [ 0, 2, 3 ]
    }, {
      "vertices" : [ 4, 5, 6 ]
    }, {
      "vertices" : [ 4, 6, 7 ]
    }, {
      "vertices" : [ 0, 3, 5 ]
    }, {
      "vertices" : [ 0, 5, 4 ]
    } ]
  }, {
    "id" : "2d2891d4-5d73-4450-bda1-c3b2800c4f08",
    "vertices" : [ {
      "x" : 0.13333334,
      "y" : -7.714245,
      "z" : 0.9174697
    }, {
      "x" : -0.26666668,
      "y" : -7.8142447,
      "z" : 1.0174698
    }, {
      "x" : -0.13333334,
      "y" : -0.6688489,
      "z" : 0.30747408
    }, {
      "x" : 0.26666668,
      "y" : -0.5688489,
      "z" : 0.20747407
    }, {
      "x" : -0.13333334,
      "y" : -7.5809116,
      "z" : 1.3174697
    }, {
      "x" : 0.26666668,
      "y" : -7.4809117,
      "z" : 1.2174697
    }, {
      "x" : 0.13333334,
      "y" : -0.8021822,
      "z" : -0.09252593
    }, {
      "x" : -0.26666668,
      "y" : -0.9021822,
      "z" : 0.0074740695
    } ],
    "faces" : [ {
      "vertices" : [ 2, 3, 6 ]
    }, {
      "vertices" : [ 2, 6, 7 ]
    }, {
      "vertices" : [ 0, 5, 4 ]
    }, {
      "vertices" : [ 0, 4, 1 ]
    }, {
      "vertices" : [ 2, 4, 5 ]
    }, {
      "vertices" : [ 2, 5, 3 ]
    }, {
      "vertices" : [ 0, 6, 3 ]
    }, {
      "vertices" : [ 0, 3, 5 ]
    }, {
      "vertices" : [ 0, 1, 7 ]
    }, {
      "vertices" : [ 0, 7, 6 ]
    }, {
      "vertices" : [ 1, 4, 2 ]
    }, {
      "vertices" : [ 1, 2, 7 ]
    } ]
  }, {
    "id" : "ebfb1dbe-894e-4ab2-b5d9-4f1459e56849",
    "vertices" : [ {
      "x" : -0.9174697,
      "y" : -7.714245,
      "z" : 0.13333334
    }, {
      "x" : -1.0174698,
      "y" : -7.8142447,
      "z" : -0.26666668
    }, {
      "x" : -0.30747408,
      "y" : -0.6688489,
      "z" : -0.13333334
    }, {
      "x" : -0.20747407,
      "y" : -0.5688489,
      "z" : 0.26666668
    }, {
      "x" : -1.3174697,
      "y" : -7.5809116,
      "z" : -0.13333334
    }, {
      "x" : -1.2174697,
      "y" : -7.4809117,
      "z" : 0.26666668
    }, {
      "x" : 0.09252593,
      "y" : -0.8021822,
      "z" : 0.13333334
    }, {
      "x" : -0.0074740695,
      "y" : -0.9021822,
      "z" : -0.26666668
    } ],
    "faces" : [ {
      "vertices" : [ 2, 3, 6 ]
    }, {
      "vertices" : [ 2, 6, 7 ]
    }, {
      "vertices" : [ 0, 5, 4 ]
    }, {
      "vertices" : [ 0, 4, 1 ]
    }, {
      "vertices" : [ 2, 4, 5 ]
    }, {
      "vertices" : [ 2, 5, 3 ]
    }, {
      "vertices" : [ 0, 6, 3 ]
    }, {
      "vertices" : [ 0, 3, 5 ]
    }, {
      "vertices" : [ 0, 1, 7 ]
    }, {
      "vertices" : [ 0, 7, 6 ]
    }, {
      "vertices" : [ 1, 4, 2 ]
    }, {
      "vertices" : [ 1, 2, 7 ]
    } ]
  } ],
  "instances" : [ {
    "shape" : "c438fbfb-c5dc-4a2e-a715-db0fbd0f7591",
    "color" : "#F0A000",
    "position" : {
      "x" : 0.0,
      "y" : 0.0,
      "z" : 0.0
    }
  }, {
    "shape" : "cee1a2ff-ee2c-464e-a324-7dd6113bd901",
    "color" : "#F0A000",
    "position" : {
      "x" : 0.0,
      "y" : 0.0,
      "z" : 0.0
    }
  }, {
    "shape" : "2a34c2c7-4798-43dd-bfa6-91f53d2e607e",
    "color" : "#F0A000",
    "position" : {
      "x" : 0.0,
      "y" : 0.0,
      "z" : 0.0
    }
  }, {
    "shape" : "b701284c-bb02-42ae-97c2-f3e067065e50",
    "color" : "#F0A000",
    "position" : {
      "x" : 0.0,
      "y" : 0.0,
      "z" : 0.0
    }
  }, {
    "shape" : "87425469-20d1-4437-a47b-e11cb11e436f",
    "color" : "#F0A000",
    "position" : {
      "x" : 0.0,
      "y" : 0.0,
      "z" : 0.0
    }
  }, {
    "shape" : "e3bf623e-e168-4ab6-ba32-1af1284f6847",
    "color" : "#F0A000",
    "position" : {
      "x" : 0.0,
      "y" : 0.0,
      "z" : 0.0
    }
  }, {
    "shape" : "0887a368-d2df-4732-8866-1258b7d65dd0",
    "color" : "#F0A000",
    "position" : {
      "x" : 0.0,
      "y" : 0.0,
      "z" : 0.0
    }
  }, {
    "shape" : "ec1c77c4-a7cb-4da8-8770-277aaa3c3afe",
    "color" : "#F0A000",
    "position" : {
      "x" : 0.0,
      "y" : 0.0,
      "z" : 0.0
    }
  }, {
    "shape" : "166008a2-36fd-4514-bf05-edcb90820b28",
    "color" : "#F0A000",
    "position" : {
      "x" : 0.0,
      "y" : 0.0,
      "z" : 0.0
    }
  }, {
    "shape" : "007b9d23-2751-48a3-ab62-416b533660ad",
    "color" : "#F0A000",
    "position" : {
      "x" : 0.0,
      "y" : 0.0,
      "z" : 0.0
    }
  }, {
    "shape" : "4c35da40-cb3e-49ed-9493-73679ff75b17",
    "color" : "#F0A000",
    "position" : {
      "x" : 0.0,
      "y" : 0.0,
      "z" : 0.0
    }
  }, {
    "shape" : "c57cc160-3c91-4108-81fc-e4c83ce76b34",
    "color" : "#F0A000",
    "position" : {
      "x" : 0.0,
      "y" : 0.0,
      "z" : 0.0
    }
  } ],
  "scenes" : [ {
    "title" : "Edges",
    "content" : "",
    "view" : {
      "position" : {
        "x" : 0.0,
        "y" : 0.0,
        "z" : 100.37162
      },
      "width" : 45.16724,
      "lookDirection" : {
        "x" : 0.0,
        "y" : 0.0,
        "z" : -1.0
      },
      "upDirection" : {
        "x" : 0.0,
        "y" : 1.0,
        "z" : 0.0
      },
      "lookAtPoint" : {
        "x" : 0.0,
        "y" : 0.0,
        "z" : 0.0
      },
      "stereo" : false,
      "nearClipDistance" : 0.25092915,
      "viewDistance" : 100.37162,
      "fieldOfView" : 0.44262898,
      "perspective" : true,
      "farClipDistance" : 200.74301
    },
    "snapshot" : 0
  }, {
    "title" : "Faces",
    "content" : "",
    "view" : {
      "position" : {
        "x" : 0.0,
        "y" : 0.0,
        "z" : 100.37162
      },
      "width" : 45.16724,
      "lookDirection" : {
        "x" : 0.0,
        "y" : 0.0,
        "z" : -1.0
      },
      "upDirection" : {
        "x" : 0.0,
        "y" : 1.0,
        "z" : 0.0
      },
      "lookAtPoint" : {
        "x" : 0.0,
        "y" : 0.0,
        "z" : 0.0
      },
      "stereo" : false,
      "nearClipDistance" : 0.25092915,
      "viewDistance" : 100.37162,
      "fieldOfView" : 0.44262898,
      "perspective" : true,
      "farClipDistance" : 200.74301
    },
    "snapshot" : 1
  } ],
  "snapshots" : [ [ {
    "shape" : "70b3a53d-5127-4c95-ad7f-e9eafe6e5820",
    "color" : "#FFFFFF",
    "position" : {
      "x" : 5.461012,
      "y" : 1.7415323,
      "z" : 0.0
    },
    "orientation" : 0
  }, {
    "shape" : "17f8c3f3-a5ab-48ef-a9b8-829746bac302",
    "color" : "#FFFFFF",
    "position" : {
      "x" : 4.236068,
      "y" : -6.6415615,
      "z" : 0.0
    },
    "orientation" : 30
  }, {
    "shape" : "ef283f84-44f0-44b4-8803-e9b8b507ef67",
    "color" : "#FFFFFF",
    "position" : {
      "x" : 0.0,
      "y" : -1.7415323,
      "z" : -5.461012
    },
    "orientation" : 15
  }, {
    "shape" : "79af49be-fe41-4e5f-8a0c-a40705ff781f",
    "color" : "#FFFFFF",
    "position" : {
      "x" : 0.0,
      "y" : 6.6415615,
      "z" : 4.236068
    },
    "orientation" : 0
  }, {
    "shape" : "1e1173a1-4a7c-45e2-a00c-e50e8a91c317",
    "color" : "#007695",
    "position" : {
      "x" : -4.236068,
      "y" : -6.6415615,
      "z" : 0.0
    },
    "orientation" : 0
  }, {
    "shape" : "2d2891d4-5d73-4450-bda1-c3b2800c4f08",
    "color" : "#FFFFFF",
    "position" : {
      "x" : 0.0,
      "y" : 6.6415615,
      "z" : -4.236068
    },
    "orientation" : 45
  }, {
    "shape" : "ef283f84-44f0-44b4-8803-e9b8b507ef67",
    "color" : "#FFFFFF",
    "position" : {
      "x" : -5.461012,
      "y" : 1.7415323,
      "z" : 0.0
    },
    "orientation" : 45
  }, {
    "shape" : "ef283f84-44f0-44b4-8803-e9b8b507ef67",
    "color" : "#FFFFFF",
    "position" : {
      "x" : 0.0,
      "y" : -1.7415323,
      "z" : 5.461012
    },
    "orientation" : 30
  }, {
    "shape" : "1e1173a1-4a7c-45e2-a00c-e50e8a91c317",
    "color" : "#007695",
    "position" : {
      "x" : 0.0,
      "y" : 6.6415615,
      "z" : 4.236068
    },
    "orientation" : 47
  }, {
    "shape" : "ebfb1dbe-894e-4ab2-b5d9-4f1459e56849",
    "color" : "#FFFFFF",
    "position" : {
      "x" : 4.236068,
      "y" : -6.6415615,
      "z" : 0.0
    },
    "orientation" : 30
  }, {
    "shape" : "ebfb1dbe-894e-4ab2-b5d9-4f1459e56849",
    "color" : "#FFFFFF",
    "position" : {
      "x" : -4.236068,
      "y" : -6.6415615,
      "z" : 0.0
    },
    "orientation" : 15
  }, {
    "shape" : "79af49be-fe41-4e5f-8a0c-a40705ff781f",
    "color" : "#FFFFFF",
    "position" : {
      "x" : 0.0,
      "y" : 6.6415615,
      "z" : -4.236068
    },
    "orientation" : 0
  }, {
    "shape" : "17f8c3f3-a5ab-48ef-a9b8-829746bac302",
    "color" : "#FFFFFF",
    "position" : {
      "x" : -4.236068,
      "y" : -6.6415615,
      "z" : 0.0
    },
    "orientation" : 15
  }, {
    "shape" : "79af49be-fe41-4e5f-8a0c-a40705ff781f",
    "color" : "#FFFFFF",
    "position" : {
      "x" : 0.0,
      "y" : -1.7415323,
      "z" : 5.461012
    },
    "orientation" : 0
  }, {
    "shape" : "79af49be-fe41-4e5f-8a0c-a40705ff781f",
    "color" : "#FFFFFF",
    "position" : {
      "x" : 5.461012,
      "y" : 1.7415323,
      "z" : 0.0
    },
    "orientation" : 0
  }, {
    "shape" : "ef283f84-44f0-44b4-8803-e9b8b507ef67",
    "color" : "#FFFFFF",
    "position" : {
      "x" : 5.461012,
      "y" : 1.7415323,
      "z" : 0.0
    },
    "orientation" : 0
  }, {
    "shape" : "70b3a53d-5127-4c95-ad7f-e9eafe6e5820",
    "color" : "#FFFFFF",
    "position" : {
      "x" : -5.461012,
      "y" : 1.7415323,
      "z" : 0.0
    },
    "orientation" : 45
  }, {
    "shape" : "79af49be-fe41-4e5f-8a0c-a40705ff781f",
    "color" : "#FFFFFF",
    "position" : {
      "x" : 4.236068,
      "y" : -6.6415615,
      "z" : 0.0
    },
    "orientation" : 0
  }, {
    "shape" : "17f8c3f3-a5ab-48ef-a9b8-829746bac302",
    "color" : "#FFFFFF",
    "position" : {
      "x" : 0.0,
      "y" : -1.7415323,
      "z" : -5.461012
    },
    "orientation" : 45
  }, {
    "shape" : "70b3a53d-5127-4c95-ad7f-e9eafe6e5820",
    "color" : "#FFFFFF",
    "position" : {
      "x" : 0.0,
      "y" : 6.6415615,
      "z" : -4.236068
    },
    "orientation" : 15
  }, {
    "shape" : "2d2891d4-5d73-4450-bda1-c3b2800c4f08",
    "color" : "#FFFFFF",
    "position" : {
      "x" : 0.0,
      "y" : 6.6415615,
      "z" : 4.236068
    },
    "orientation" : 0
  }, {
    "shape" : "79af49be-fe41-4e5f-8a0c-a40705ff781f",
    "color" : "#FFFFFF",
    "position" : {
      "x" : -4.236068,
      "y" : -6.6415615,
      "z" : 0.0
    },
    "orientation" : 0
  }, {
    "shape" : "79af49be-fe41-4e5f-8a0c-a40705ff781f",
    "color" : "#FFFFFF",
    "position" : {
      "x" : -5.461012,
      "y" : 1.7415323,
      "z" : 0.0
    },
    "orientation" : 0
  }, {
    "shape" : "17f8c3f3-a5ab-48ef-a9b8-829746bac302",
    "color" : "#FFFFFF",
    "position" : {
      "x" : 0.0,
      "y" : -1.7415323,
      "z" : 5.461012
    },
    "orientation" : 0
  }, {
    "shape" : "70b3a53d-5127-4c95-ad7f-e9eafe6e5820",
    "color" : "#FFFFFF",
    "position" : {
      "x" : 0.0,
      "y" : 6.6415615,
      "z" : 4.236068
    },
    "orientation" : 30
  }, {
    "shape" : "79af49be-fe41-4e5f-8a0c-a40705ff781f",
    "color" : "#FFFFFF",
    "position" : {
      "x" : 0.0,
      "y" : -1.7415323,
      "z" : -5.461012
    },
    "orientation" : 0
  } ], [ {
    "shape" : "007b9d23-2751-48a3-ab62-416b533660ad",
    "color" : "#F0A000",
    "position" : {
      "x" : 0.0,
      "y" : 0.0,
      "z" : 0.0
    },
    "orientation" : 0
  }, {
    "shape" : "4c35da40-cb3e-49ed-9493-73679ff75b17",
    "color" : "#F0A000",
    "position" : {
      "x" : 0.0,
      "y" : 0.0,
      "z" : 0.0
    },
    "orientation" : 0
  }, {
    "shape" : "c57cc160-3c91-4108-81fc-e4c83ce76b34",
    "color" : "#F0A000",
    "position" : {
      "x" : 0.0,
      "y" : 0.0,
      "z" : 0.0
    },
    "orientation" : 0
  }, {
    "shape" : "2a34c2c7-4798-43dd-bfa6-91f53d2e607e",
    "color" : "#F0A000",
    "position" : {
      "x" : 0.0,
      "y" : 0.0,
      "z" : 0.0
    },
    "orientation" : 0
  }, {
    "shape" : "b701284c-bb02-42ae-97c2-f3e067065e50",
    "color" : "#F0A000",
    "position" : {
      "x" : 0.0,
      "y" : 0.0,
      "z" : 0.0
    },
    "orientation" : 0
  }, {
    "shape" : "e3bf623e-e168-4ab6-ba32-1af1284f6847",
    "color" : "#F0A000",
    "position" : {
      "x" : 0.0,
      "y" : 0.0,
      "z" : 0.0
    },
    "orientation" : 0
  }, {
    "shape" : "cee1a2ff-ee2c-464e-a324-7dd6113bd901",
    "color" : "#F0A000",
    "position" : {
      "x" : 0.0,
      "y" : 0.0,
      "z" : 0.0
    },
    "orientation" : 0
  }, {
    "shape" : "0887a368-d2df-4732-8866-1258b7d65dd0",
    "color" : "#F0A000",
    "position" : {
      "x" : 0.0,
      "y" : 0.0,
      "z" : 0.0
    },
    "orientation" : 0
  }, {
    "shape" : "87425469-20d1-4437-a47b-e11cb11e436f",
    "color" : "#F0A000",
    "position" : {
      "x" : 0.0,
      "y" : 0.0,
      "z" : 0.0
    },
    "orientation" : 0
  }, {
    "shape" : "ec1c77c4-a7cb-4da8-8770-277aaa3c3afe",
    "color" : "#F0A000",
    "position" : {
      "x" : 0.0,
      "y" : 0.0,
      "z" : 0.0
    },
    "orientation" : 0
  }, {
    "shape" : "c438fbfb-c5dc-4a2e-a715-db0fbd0f7591",
    "color" : "#F0A000",
    "position" : {
      "x" : 0.0,
      "y" : 0.0,
      "z" : 0.0
    },
    "orientation" : 0
  }, {
    "shape" : "166008a2-36fd-4514-bf05-edcb90820b28",
    "color" : "#F0A000",
    "position" : {
      "x" : 0.0,
      "y" : 0.0,
      "z" : 0.0
    },
    "orientation" : 0
  } ] ]
}