{
  "field" : "golden",
  "symmetry" : "icosahedral",
  "orientations" : [ [ 1.0, 0.0, 0.0, 0.0, 0.0, 1.0, 0.0, 0.0, 0.0, 0.0, 1.0, 0.0, 0.0, 0.0, 0.0, 1.0 ], [ 0.0, 0.0, 1.0, 0.0, 1.0, 0.0, 0.0, 0.0, 0.0, 1.0, 0.0, 0.0, 0.0, 0.0, 0.0, 1.0 ], [ 0.0, 1.0, 0.0, 0.0, 0.0, 0.0, 1.0, 0.0, 1.0, 0.0, 0.0, 0.0, 0.0, 0.0, 0.0, 1.0 ], [ 0.809017, 0.309017, 0.5, 0.0, 0.309017, 0.5, -0.809017, 0.0, -0.5, 0.809017, 0.309017, 0.0, 0.0, 0.0, 0.0, 1.0 ], [ -0.5, 0.809017, 0.309017, 0.0, 0.809017, 0.309017, 0.5, 0.0, 0.309017, 0.5, -0.809017, 0.0, 0.0, 0.0, 0.0, 1.0 ], [ 0.309017, 0.5, -0.809017, 0.0, -0.5, 0.809017, 0.309017, 0.0, 0.809017, 0.309017, 0.5, 0.0, 0.0, 0.0, 0.0, 1.0 ], [ 0.5, 0.809017, 0.309017, 0.0, 0.809017, -0.309017, -0.5, 0.0, -0.309017, 0.5, -0.809017, 0.0, 0.0, 0.0, 0.0, 1.0 ], [ -0.309017, 0.5, -0.809017, 0.0, 0.5, 0.809017, 0.309017, 0.0, 0.809017, -0.309017, -0.5, 0.0, 0.0, 0.0, 0.0, 1.0 ], [ 0.809017, -0.309017, -0.5, 0.0, -0.309017, 0.5, -0.809017, 0.0, 0.5, 0.809017, 0.309017, 0.0, 0.0, 0.0, 0.0, 1.0 ], [ 0.5, 0.809017, -0.309017, 0.0, 0.809017, -0.309017, 0.5, 0.0, 0.309017, -0.5, -0.809017, 0.0, 0.0, 0.0, 0.0, 1.0 ], [ 0.309017, -0.5, -0.809017, 0.0, 0.5, 0.809017, -0.309017, 0.0, 0.809017, -0.309017, 0.5, 0.0, 0.0, 0.0, 0.0, 1.0 ], [ 0.809017, -0.309017, 0.5, 0.0, 0.309017, -0.5, -0.809017, 0.0, 0.5, 0.809017, -0.309017, 0.0, 0.0, 0.0, 0.0, 1.0 ], [ 0.809017, 0.309017, -0.5, 0.0, 0.309017, 0.5, 0.809017, 0.0, 0.5, -0.809017, 0.309017, 0.0, 0.0, 0.0, 0.0, 1.0 ], [ 0.5, -0.809017, 0.309017, 0.0, 0.809017, 0.309017, -0.5, 0.0, 0.309017, 0.5, 0.809017, 0.0, 0.0, 0.0, 0.0, 1.0 ], [ 0.309017, 0.5, 0.809017, 0.0, 0.5, -0.809017, 0.309017, 0.0, 0.809017, 0.309017, -0.5, 0.0, 0.0, 0.0, 0.0, 1.0 ], [ 1.0, 0.0, 0.0, 0.0, 0.0, -1.0, 0.0, 0.0, 0.0, 0.0, -1.0, 0.0, 0.0, 0.0, 0.0, 1.0 ], [ 0.0, 0.0, 1.0, 0.0, -1.0, 0.0, 0.0, 0.0, 0.0, -1.0, 0.0, 0.0, 0.0, 0.0, 0.0, 1.0 ], [ 0.0, 1.0, 0.0, 0.0, 0.0, 0.0, -1.0, 0.0, -1.0, 0.0, 0.0, 0.0, 0.0, 0.0, 0.0, 1.0 ], [ 0.809017, 0.309017, 0.5, 0.0, -0.309017, -0.5, 0.809017, 0.0, 0.5, -0.809017, -0.309017, 0.0, 0.0, 0.0, 0.0, 1.0 ], [ -0.5, 0.809017, 0.309017, 0.0, -0.809017, -0.309017, -0.5, 0.0, -0.309017, -0.5, 0.809017, 0.0, 0.0, 0.0, 0.0, 1.0 ], [ 0.309017, 0.5, -0.809017, 0.0, 0.5, -0.809017, -0.309017, 0.0, -0.809017, -0.309017, -0.5, 0.0, 0.0, 0.0, 0.0, 1.0 ], [ 0.5, 0.809017, 0.309017, 0.0, -0.809017, 0.309017, 0.5, 0.0, 0.309017, -0.5, 0.809017, 0.0, 0.0, 0.0, 0.0, 1.0 ], [ -0.309017, 0.5, -0.809017, 0.0, -0.5, -0.809017, -0.309017, 0.0, -0.809017, 0.309017, 0.5, 0.0, 0.0, 0.0, 0.0, 1.0 ], [ 0.809017, -0.309017, -0.5, 0.0, 0.309017, -0.5, 0.809017, 0.0, -0.5, -0.809017, -0.309017, 0.0, 0.0, 0.0, 0.0, 1.0 ], [ 0.5, 0.809017, -0.309017, 0.0, -0.809017, 0.309017, -0.5, 0.0, -0.309017, 0.5, 0.809017, 0.0, 0.0, 0.0, 0.0, 1.0 ], [ 0.309017, -0.5, -0.809017, 0.0, -0.5, -0.809017, 0.309017, 0.0, -0.809017, 0.309017, -0.5, 0.0, 0.0, 0.0, 0.0, 1.0 ], [ 0.809017, -0.309017, 0.5, 0.0, -0.309017, 0.5, 0.809017, 0.0, -0.5, -0.809017, 0.309017, 0.0, 0.0, 0.0, 0.0, 1.0 ], [ 0.809017, 0.309017, -0.5, 0.0, -0.309017, -0.5, -0.809017, 0.0, -0.5, 0.809017, -0.309017, 0.0, 0.0, 0.0, 0.0, 1.0 ], [ 0.5, -0.809017, 0.309017, 0.0, -0.809017, -0.309017, 0.5, 0.0, -0.309017, -0.5, -0.809017, 0.0, 0.0, 0.0, 0.0, 1.0 ], [ 0.309017, 0.5, 0.809017, 0.0, -0.5, 0.809017, -0.309017, 0.0, -0.809017, -0.309017, 0.5, 0.0, 0.0, 0.0, 0.0, 1.0 ], [ -1.0, 0.0, 0.0, 0.0, 0.0, -1.0, 0.0, 0.0, 0.0, 0.0, 1.0, 0.0, 0.0, 0.0, 0.0, 1.0 ], [ 0.0, 0.0, -1.0, 0.0, -1.0, 0.0, 0.0, 0.0, 0.0, 1.0, 0.0, 0.0, 0.0, 0.0, 0.0, 1.0 ], [ 0.0, -1.0, 0.0, 0.0, 0.0, 0.0, -1.0, 0.0, 1.0, 0.0, 0.0, 0.0, 0.0, 0.0, 0.0, 1.0 ], [ -0.809017, -0.309017, -0.5, 0.0, -0.309017, -0.5, 0.809017, 0.0, -0.5, 0.809017, 0.309017, 0.0, 0.0, 0.0, 0.0, 1.0 ], [ 0.5, -0.809017, -0.309017, 0.0, -0.809017, -0.309017, -0.5, 0.0, 0.309017, 0.5, -0.809017, 0.0, 0.0, 0.0, 0.0, 1.0 ], [ -0.309017, -0.5, 0.809017, 0.0, 0.5, -0.809017, -0.309017, 0.0, 0.809017, 0.309017, 0.5, 0.0, 0.0, 0.0, 0.0, 1.0 ], [ -0.5, -0.809017, -0.309017, 0.0, -0.809017, 0.309017, 0.5, 0.0, -0.309017, 0.5, -0.809017, 0.0, 0.0, 0.0, 0.0, 1.0 ], [ 0.309017, -0.5, 0.809017, 0.0, -0.5, -0.809017, -0.309017, 0.0, 0.809017, -0.309017, -0.5, 0.0, 0.0, 0.0, 0.0, 1.0 ], [ -0.809017, 0.309017, 0.5, 0.0, 0.309017, -0.5, 0.809017, 0.0, 0.5, 0.809017, 0.309017, 0.0, 0.0, 0.0, 0.0, 1.0 ], [ -0.5, -0.809017, 0.309017, 0.0, -0.809017, 0.309017, -0.5, 0.0, 0.309017, -0.5, -0.809017, 0.0, 0.0, 0.0, 0.0, 1.0 ], [ -0.309017, 0.5, 0.809017, 0.0, -0.5, -0.809017, 0.309017, 0.0, 0.809017, -0.309017, 0.5, 0.0, 0.0, 0.0, 0.0, 1.0 ], [ -0.809017, 0.309017, -0.5, 0.0, -0.309017, 0.5, 0.809017, 0.0, 0.5, 0.809017, -0.309017, 0.0, 0.0, 0.0, 0.0, 1.0 ], [ -0.809017, -0.309017, 0.5, 0.0, -0.309017, -0.5, -0.809017, 0.0, 0.5, -0.809017, 0.309017, 0.0, 0.0, 0.0, 0.0, 1.0 ], [ -0.5, 0.809017, -0.309017, 0.0, -0.809017, -0.309017, 0.5, 0.0, 0.309017, 0.5, 0.809017, 0.0, 0.0, 0.0, 0.0, 1.0 ], [ -0.309017, -0.5, -0.809017, 0.0, -0.5, 0.809017, -0.309017, 0.0, 0.809017, 0.309017, -0.5, 0.0, 0.0, 0.0, 0.0, 1.0 ], [ -1.0, 0.0, 0.0, 0.0, 0.0, 1.0, 0.0, 0.0, 0.0, 0.0, -1.0, 0.0, 0.0, 0.0, 0.0, 1.0 ], [ 0.0, 0.0, -1.0, 0.0, 1.0, 0.0, 0.0, 0.0, 0.0, -1.0, 0.0, 0.0, 0.0, 0.0, 0.0, 1.0 ], [ 0.0, -1.0, 0.0, 0.0, 0.0, 0.0, 1.0, 0.0, -1.0, 0.0, 0.0, 0.0, 0.0, 0.0, 0.0, 1.0 ], [ -0.809017, -0.309017, -0.5, 0.0, 0.309017, 0.5, -0.809017, 0.0, 0.5, -0.809017, -0.309017, 0.0, 0.0, 0.0, 0.0, 1.0 ], [ 0.5, -0.809017, -0.309017, 0.0, 0.809017, 0.309017, 0.5, 0.0, -0.309017, -0.5, 0.809017, 0.0, 0.0, 0.0, 0.0, 1.0 ], [ -0.309017, -0.5, 0.809017, 0.0, -0.5, 0.809017, 0.309017, 0.0, -0.809017, -0.309017, -0.5, 0.0, 0.0, 0.0, 0.0, 1.0 ], [ -0.5, -0.809017, -0.309017, 0.0, 0.809017, -0.309017, -0.5, 0.0, 0.309017, -0.5, 0.809017, 0.0, 0.0, 0.0, 0.0, 1.0 ], [ 0.309017, -0.5, 0.809017, 0.0, 0.5, 0.809017, 0.309017, 0.0, -0.809017, 0.309017, 0.5, 0.0, 0.0, 0.0, 0.0, 1.0 ], [ -0.809017, 0.309017, 0.5, 0.0, -0.309017, 0.5, -0.809017, 0.0, -0.5, -0.809017, -0.309017, 0.0, 0.0, 0.0, 0.0, 1.0 ], [ -0.5, -0.809017, 0.309017, 0.0, 0.809017, -0.309017, 0.5, 0.0, -0.309017, 0.5, 0.809017, 0.0, 0.0, 0.0, 0.0, 1.0 ], [ -0.309017, 0.5, 0.809017, 0.0, 0.5, 0.809017, -0.309017, 0.0, -0.809017, 0.309017, -0.5, 0.0, 0.0, 0.0, 0.0, 1.0 ], [ -0.809017, 0.309017, -0.5, 0.0, 0.309017, -0.5, -0.809017, 0.0, -0.5, -0.809017, 0.309017, 0.0, 0.0, 0.0, 0.0, 1.0 ], [ -0.809017, -0.309017, 0.5, 0.0, 0.309017, 0.5, 0.809017, 0.0, -0.5, 0.809017, -0.309017, 0.0, 0.0, 0.0, 0.0, 1.0 ], [ -0.5, 0.809017, -0.309017, 0.0, 0.809017, 0.309017, -0.5, 0.0, -0.309017, -0.5, -0.809017, 0.0, 0.0, 0.0, 0.0, 1.0 ], [ -0.309017, -0.5, -0.809017, 0.0, 0.5, -0.809017, 0.309017, 0.0, -0.809017, -0.309017, 0.5, 0.0, 0.0, 0.0, 0.0, 1.0 ] ],
  "lights" : {
    "directionalLights" : [ {
      "direction" : [ 1.0, -1.0, -1.0 ],
      "color" : "#EBEBE4"
    }, {
      "direction" : [ -1.0, 0.0, 0.0 ],
      "color" : "#E4E4EB"
    }, {
      "direction" : [ 0.0, 0.0, -1.0 ],
      "color" : "#1E1E1E"
    } ],
    "backgroundColor" : "#AFC8DC",
    "ambientColor" : "#292929"
  },
  "camera" : {
    "position" : {
      "x" : 0.0,
      "y" : 0.0,
      "z" : 64.642975
    },
    "width" : 29.089342,
    "viewDistance" : 64.642975,
    "fieldOfView" : 0.44262892,
    "farClipDistance" : 129.2858,
    "lookAtPoint" : {
      "x" : 0.0,
      "y" : 0.0,
      "z" : 0.0
    },
    "perspective" : true,
    "nearClipDistance" : 0.16160747,
    "upDirection" : {
      "x" : 0.0,
      "y" : 1.0,
      "z" : 0.0
    },
    "stereo" : false,
    "lookDirection" : {
      "x" : 0.0,
      "y" : 0.0,
      "z" : -1.0
    }
  },
  "embedding" : [ 1.0, 0.0, 0.0, 0.0, 0.0, 1.0, 0.0, 0.0, 0.0, 0.0, 1.0, 0.0, 0.0, 0.0, 0.0, 1.0 ],
  "shapes" : [ ],
  "instances" : [ {
    "shape" : "44234ee7-f70c-40a5-9bee-0f020efc8edf",
    "color" : "#FFFFFF",
    "position" : {
      "x" : 0.0,
      "y" : 0.0,
      "z" : 0.0
    }
  }, {
    "shape" : "6a64d978-8625-43b1-bfc6-e20eee46cd0f",
    "color" : "#FFFFFF",
    "position" : {
      "x" : 0.0,
      "y" : 0.0,
      "z" : 0.0
    }
  }, {
    "shape" : "1ca84183-5c7c-46f2-971c-948c84441864",
    "color" : "#FFFFFF",
    "position" : {
      "x" : 0.0,
      "y" : 0.0,
      "z" : 0.0
    }
  }, {
    "shape" : "8d47ca7d-5520-4e98-a4de-8c6b7983eb7d",
    "color" : "#FFFFFF",
    "position" : {
      "x" : 0.0,
      "y" : 0.0,
      "z" : 0.0
    }
  }, {
    "shape" : "a78c8e87-5415-4187-9bf5-633299a347ac",
    "color" : "#FFFFFF",
    "position" : {
      "x" : 0.0,
      "y" : 0.0,
      "z" : 0.0
    }
  }, {
    "shape" : "fbe11251-5263-45fe-b9fb-3a23ee4a9fbc",
    "color" : "#FFFFFF",
    "position" : {
      "x" : 0.0,
      "y" : 0.0,
      "z" : 0.0
    }
  }, {
    "shape" : "965b9919-9ce2-4407-8b41-5bdf39940333",
    "color" : "#FFFFFF",
    "position" : {
      "x" : 0.0,
      "y" : 0.0,
      "z" : 0.0
    }
  }, {
    "shape" : "615b8511-e4b5-494d-9b2b-ae3caef47c5c",
    "color" : "#FFFFFF",
    "position" : {
      "x" : 0.0,
      "y" : 0.0,
      "z" : 0.0
    }
  }, {
    "shape" : "31260cd6-c113-4a13-a924-b655445e8179",
    "color" : "#FFFFFF",
    "position" : {
      "x" : 0.0,
      "y" : 0.0,
      "z" : 0.0
    }
  }, {
    "shape" : "a8233fe4-b43c-47a5-af89-ae896563728c",
    "color" : "#FFFFFF",
    "position" : {
      "x" : 0.0,
      "y" : 0.0,
      "z" : 0.0
    }
  }, {
    "shape" : "f6ad6072-5b52-4cab-aa51-e00dcfb842e3",
    "color" : "#FFFFFF",
    "position" : {
      "x" : 0.0,
      "y" : 0.0,
      "z" : 0.0
    }
  }, {
    "shape" : "34cccbc0-3707-47ca-8be3-4847a347c609",
    "color" : "#FFFFFF",
    "position" : {
      "x" : 0.0,
      "y" : 0.0,
      "z" : 0.0
    }
  }, {
    "shape" : "982be9d4-ac25-4ecb-b583-e69154e79445",
    "color" : "#FFFFFF",
    "position" : {
      "x" : 0.0,
      "y" : 0.0,
      "z" : 0.0
    }
  }, {
    "shape" : "04f804e1-89ff-4fc4-ba86-2562fe8c8384",
    "color" : "#FFFFFF",
    "position" : {
      "x" : 0.0,
      "y" : 0.0,
      "z" : 0.0
    }
  } ],
  "scenes" : [ {
    "title" : "Edges",
    "content" : "",
    "view" : {
      "position" : {
        "x" : 0.0,
        "y" : 0.0,
        "z" : 64.642975
      },
      "width" : 29.089342,
      "viewDistance" : 64.642975,
      "fieldOfView" : 0.44262892,
      "farClipDistance" : 129.2858,
      "lookAtPoint" : {
        "x" : 0.0,
        "y" : 0.0,
        "z" : 0.0
      },
      "perspective" : true,
      "nearClipDistance" : 0.16160747,
      "upDirection" : {
        "x" : 0.0,
        "y" : 1.0,
        "z" : 0.0
      },
      "stereo" : false,
      "lookDirection" : {
        "x" : 0.0,
        "y" : 0.0,
        "z" : -1.0
      }
    },
    "snapshot" : 0
  }, {
    "title" : "Faces",
    "content" : "",
    "view" : {
      "position" : {
        "x" : 0.0,
        "y" : 0.0,
        "z" : 64.642975
      },
      "width" : 29.089342,
      "viewDistance" : 64.642975,
      "fieldOfView" : 0.44262892,
      "farClipDistance" : 129.2858,
      "lookAtPoint" : {
        "x" : 0.0,
        "y" : 0.0,
        "z" : 0.0
      },
      "perspective" : true,
      "nearClipDistance" : 0.16160747,
      "upDirection" : {
        "x" : 0.0,
        "y" : 1.0,
        "z" : 0.0
      },
      "stereo" : false,
      "lookDirection" : {
        "x" : 0.0,
        "y" : 0.0,
        "z" : -1.0
      }
    },
    "snapshot" : 1
  } ],
  "snapshots" : [ [ {
    "shape" : "6285b158-0ede-40a7-a873-4920cdb89b2e",
    "color" : "#007695",
    "position" : {
      "x" : 7.222496,
      "y" : -1.1911823,
      "z" : 4.236068
    },
    "orientation" : 47
  }, {
    "shape" : "1fdf618b-5f15-4277-b2c3-2c2e0abefefc",
    "color" : "#FFFFFF",
    "position" : {
      "x" : 0.0,
      "y" : -5.617873,
      "z" : -4.236068
    },
    "orientation" : 0
  }, {
    "shape" : "df1f792b-4986-418c-a4ed-c45e27bc3403",
    "color" : "#FFFFFF",
    "position" : {
      "x" : 4.236068,
      "y" : 5.5102773,
      "z" : 0.0
    },
    "orientation" : 0
  }, {
    "shape" : "1fdf618b-5f15-4277-b2c3-2c2e0abefefc",
    "color" : "#FFFFFF",
    "position" : {
      "x" : -7.222496,
      "y" : -1.1911823,
      "z" : 4.236068
    },
    "orientation" : 15
  }, {
    "shape" : "b3695d34-6255-4b06-9af7-e6c8bb849cf3",
    "color" : "#FFFFFF",
    "position" : {
      "x" : -7.222496,
      "y" : -1.1911823,
      "z" : -4.236068
    },
    "orientation" : 0
  }, {
    "shape" : "a4c2f14e-b730-4412-9ec9-26813c3f3556",
    "color" : "#FFFFFF",
    "position" : {
      "x" : 0.0,
      "y" : 2.4899607,
      "z" : -6.688751
    },
    "orientation" : 0
  }, {
    "shape" : "df1f792b-4986-418c-a4ed-c45e27bc3403",
    "color" : "#FFFFFF",
    "position" : {
      "x" : -7.222496,
      "y" : -1.1911823,
      "z" : 4.236068
    },
    "orientation" : 15
  }, {
    "shape" : "b3695d34-6255-4b06-9af7-e6c8bb849cf3",
    "color" : "#FFFFFF",
    "position" : {
      "x" : -4.236068,
      "y" : 5.5102773,
      "z" : 0.0
    },
    "orientation" : 0
  }, {
    "shape" : "84fcf87e-24e8-4d9d-9fb3-92fca8994eac",
    "color" : "#FFFFFF",
    "position" : {
      "x" : 0.0,
      "y" : 2.4899607,
      "z" : 6.688751
    },
    "orientation" : 0
  }, {
    "shape" : "b3695d34-6255-4b06-9af7-e6c8bb849cf3",
    "color" : "#FFFFFF",
    "position" : {
      "x" : -7.222496,
      "y" : -1.1911823,
      "z" : 4.236068
    },
    "orientation" : 0
  }, {
    "shape" : "b3695d34-6255-4b06-9af7-e6c8bb849cf3",
    "color" : "#FFFFFF",
    "position" : {
      "x" : 4.236068,
      "y" : 5.5102773,
      "z" : 0.0
    },
    "orientation" : 0
  }, {
    "shape" : "1fdf618b-5f15-4277-b2c3-2c2e0abefefc",
    "color" : "#FFFFFF",
    "position" : {
      "x" : 0.0,
      "y" : -5.617873,
      "z" : 4.236068
    },
    "orientation" : 0
  }, {
    "shape" : "b3695d34-6255-4b06-9af7-e6c8bb849cf3",
    "color" : "#FFFFFF",
    "position" : {
      "x" : 7.222496,
      "y" : -1.1911823,
      "z" : 4.236068
    },
    "orientation" : 0
  }, {
    "shape" : "a4c2f14e-b730-4412-9ec9-26813c3f3556",
    "color" : "#FFFFFF",
    "position" : {
      "x" : 4.236068,
      "y" : 5.5102773,
      "z" : 0.0
    },
    "orientation" : 15
  }, {
    "shape" : "1fdf618b-5f15-4277-b2c3-2c2e0abefefc",
    "color" : "#FFFFFF",
    "position" : {
      "x" : -7.222496,
      "y" : -1.1911823,
      "z" : -4.236068
    },
    "orientation" : 15
  }, {
    "shape" : "b3695d34-6255-4b06-9af7-e6c8bb849cf3",
    "color" : "#FFFFFF",
    "position" : {
      "x" : 0.0,
      "y" : 2.4899607,
      "z" : 6.688751
    },
    "orientation" : 0
  }, {
    "shape" : "b3695d34-6255-4b06-9af7-e6c8bb849cf3",
    "color" : "#FFFFFF",
    "position" : {
      "x" : 0.0,
      "y" : -5.617873,
      "z" : -4.236068
    },
    "orientation" : 0
  }, {
    "shape" : "84fcf87e-24e8-4d9d-9fb3-92fca8994eac",
    "color" : "#FFFFFF",
    "position" : {
      "x" : 0.0,
      "y" : 2.4899607,
      "z" : -6.688751
    },
    "orientation" : 45
  }, {
    "shape" : "d520372e-77fb-4cb8-8523-79721eb3d706",
    "color" : "#FFFFFF",
    "position" : {
      "x" : 0.0,
      "y" : 2.4899607,
      "z" : 6.688751
    },
    "orientation" : 0
  }, {
    "shape" : "b3695d34-6255-4b06-9af7-e6c8bb849cf3",
    "color" : "#FFFFFF",
    "position" : {
      "x" : 0.0,
      "y" : -5.617873,
      "z" : 4.236068
    },
    "orientation" : 0
  }, {
    "shape" : "84fcf87e-24e8-4d9d-9fb3-92fca8994eac",
    "color" : "#FFFFFF",
    "position" : {
      "x" : -7.222496,
      "y" : -1.1911823,
      "z" : 4.236068
    },
    "orientation" : 15
  }, {
    "shape" : "84fcf87e-24e8-4d9d-9fb3-92fca8994eac",
    "color" : "#FFFFFF",
    "position" : {
      "x" : 7.222496,
      "y" : -1.1911823,
      "z" : -4.236068
    },
    "orientation" : 30
  }, {
    "shape" : "a4c2f14e-b730-4412-9ec9-26813c3f3556",
    "color" : "#FFFFFF",
    "position" : {
      "x" : -4.236068,
      "y" : 5.5102773,
      "z" : 0.0
    },
    "orientation" : 30
  }, {
    "shape" : "df1f792b-4986-418c-a4ed-c45e27bc3403",
    "color" : "#FFFFFF",
    "position" : {
      "x" : -4.236068,
      "y" : 5.5102773,
      "z" : 0.0
    },
    "orientation" : 45
  }, {
    "shape" : "6285b158-0ede-40a7-a873-4920cdb89b2e",
    "color" : "#007695",
    "position" : {
      "x" : 0.0,
      "y" : -5.617873,
      "z" : 4.236068
    },
    "orientation" : 47
  }, {
    "shape" : "6285b158-0ede-40a7-a873-4920cdb89b2e",
    "color" : "#007695",
    "position" : {
      "x" : -4.236068,
      "y" : 5.5102773,
      "z" : 0.0
    },
    "orientation" : 0
  }, {
    "shape" : "a4c2f14e-b730-4412-9ec9-26813c3f3556",
    "color" : "#FFFFFF",
    "position" : {
      "x" : 0.0,
      "y" : 2.4899607,
      "z" : 6.688751
    },
    "orientation" : 45
  }, {
    "shape" : "6285b158-0ede-40a7-a873-4920cdb89b2e",
    "color" : "#007695",
    "position" : {
      "x" : -7.222496,
      "y" : -1.1911823,
      "z" : 4.236068
    },
    "orientation" : 47
  }, {
    "shape" : "b3695d34-6255-4b06-9af7-e6c8bb849cf3",
    "color" : "#FFFFFF",
    "position" : {
      "x" : 7.222496,
      "y" : -1.1911823,
      "z" : -4.236068
    },
    "orientation" : 0
  }, {
    "shape" : "b3695d34-6255-4b06-9af7-e6c8bb849cf3",
    "color" : "#FFFFFF",
    "position" : {
      "x" : 0.0,
      "y" : 2.4899607,
      "z" : -6.688751
    },
    "orientation" : 0
  }, {
    "shape" : "d520372e-77fb-4cb8-8523-79721eb3d706",
    "color" : "#FFFFFF",
    "position" : {
      "x" : 0.0,
      "y" : 2.4899607,
      "z" : -6.688751
    },
    "orientation" : 45
  }, {
    "shape" : "df1f792b-4986-418c-a4ed-c45e27bc3403",
    "color" : "#FFFFFF",
    "position" : {
      "x" : 7.222496,
      "y" : -1.1911823,
      "z" : -4.236068
    },
    "orientation" : 30
  } ], [ {
    "shape" : "a78c8e87-5415-4187-9bf5-633299a347ac",
    "color" : "#FFFFFF",
    "position" : {
      "x" : 0.0,
      "y" : 0.0,
      "z" : 0.0
    },
    "orientation" : 0
  }, {
    "shape" : "34cccbc0-3707-47ca-8be3-4847a347c609",
    "color" : "#FFFFFF",
    "position" : {
      "x" : 0.0,
      "y" : 0.0,
      "z" : 0.0
    },
    "orientation" : 0
  }, {
    "shape" : "8d47ca7d-5520-4e98-a4de-8c6b7983eb7d",
    "color" : "#FFFFFF",
    "position" : {
      "x" : 0.0,
      "y" : 0.0,
      "z" : 0.0
    },
    "orientation" : 0
  }, {
    "shape" : "982be9d4-ac25-4ecb-b583-e69154e79445",
    "color" : "#FFFFFF",
    "position" : {
      "x" : 0.0,
      "y" : 0.0,
      "z" : 0.0
    },
    "orientation" : 0
  }, {
    "shape" : "44234ee7-f70c-40a5-9bee-0f020efc8edf",
    "color" : "#FFFFFF",
    "position" : {
      "x" : 0.0,
      "y" : 0.0,
      "z" : 0.0
    },
    "orientation" : 0
  }, {
    "shape" : "1ca84183-5c7c-46f2-971c-948c84441864",
    "color" : "#FFFFFF",
    "position" : {
      "x" : 0.0,
      "y" : 0.0,
      "z" : 0.0
    },
    "orientation" : 0
  }, {
    "shape" : "a8233fe4-b43c-47a5-af89-ae896563728c",
    "color" : "#FFFFFF",
    "position" : {
      "x" : 0.0,
      "y" : 0.0,
      "z" : 0.0
    },
    "orientation" : 0
  }, {
    "shape" : "04f804e1-89ff-4fc4-ba86-2562fe8c8384",
    "color" : "#FFFFFF",
    "position" : {
      "x" : 0.0,
      "y" : 0.0,
      "z" : 0.0
    },
    "orientation" : 0
  }, {
    "shape" : "fbe11251-5263-45fe-b9fb-3a23ee4a9fbc",
    "color" : "#FFFFFF",
    "position" : {
      "x" : 0.0,
      "y" : 0.0,
      "z" : 0.0
    },
    "orientation" : 0
  }, {
    "shape" : "6a64d978-8625-43b1-bfc6-e20eee46cd0f",
    "color" : "#FFFFFF",
    "position" : {
      "x" : 0.0,
      "y" : 0.0,
      "z" : 0.0
    },
    "orientation" : 0
  }, {
    "shape" : "f6ad6072-5b52-4cab-aa51-e00dcfb842e3",
    "color" : "#FFFFFF",
    "position" : {
      "x" : 0.0,
      "y" : 0.0,
      "z" : 0.0
    },
    "orientation" : 0
  }, {
    "shape" : "615b8511-e4b5-494d-9b2b-ae3caef47c5c",
    "color" : "#FFFFFF",
    "position" : {
      "x" : 0.0,
      "y" : 0.0,
      "z" : 0.0
    },
    "orientation" : 0
  }, {
    "shape" : "965b9919-9ce2-4407-8b41-5bdf39940333",
    "color" : "#FFFFFF",
    "position" : {
      "x" : 0.0,
      "y" : 0.0,
      "z" : 0.0
    },
    "orientation" : 0
  }, {
    "shape" : "31260cd6-c113-4a13-a924-b655445e8179",
    "color" : "#FFFFFF",
    "position" : {
      "x" : 0.0,
      "y" : 0.0,
      "z" : 0.0
    },
    "orientation" : 0
  } ] ]
}