{
  "field": "golden",
  "symmetry": "icosahedral",
  "orientations": [
    [
      1,
      0,
      0,
      0,
      0,
      1,
      0,
      0,
      0,
      0,
      1,
      0,
      0,
      0,
      0,
      1
    ],
    [
      0,
      0,
      1,
      0,
      1,
      0,
      0,
      0,
      0,
      1,
      0,
      0,
      0,
      0,
      0,
      1
    ],
    [
      0,
      1,
      0,
      0,
      0,
      0,
      1,
      0,
      1,
      0,
      0,
      0,
      0,
      0,
      0,
      1
    ],
    [
      0.809017,
      0.309017,
      0.5,
      0,
      0.309017,
      0.5,
      -0.809017,
      0,
      -0.5,
      0.809017,
      0.309017,
      0,
      0,
      0,
      0,
      1
    ],
    [
      -0.5,
      0.809017,
      0.309017,
      0,
      0.809017,
      0.309017,
      0.5,
      0,
      0.309017,
      0.5,
      -0.809017,
      0,
      0,
      0,
      0,
      1
    ],
    [
      0.309017,
      0.5,
      -0.809017,
      0,
      -0.5,
      0.809017,
      0.309017,
      0,
      0.809017,
      0.309017,
      0.5,
      0,
      0,
      0,
      0,
      1
    ],
    [
      0.5,
      0.809017,
      0.309017,
      0,
      0.809017,
      -0.309017,
      -0.5,
      0,
      -0.309017,
      0.5,
      -0.809017,
      0,
      0,
      0,
      0,
      1
    ],
    [
      -0.309017,
      0.5,
      -0.809017,
      0,
      0.5,
      0.809017,
      0.309017,
      0,
      0.809017,
      -0.309017,
      -0.5,
      0,
      0,
      0,
      0,
      1
    ],
    [
      0.809017,
      -0.309017,
      -0.5,
      0,
      -0.309017,
      0.5,
      -0.809017,
      0,
      0.5,
      0.809017,
      0.309017,
      0,
      0,
      0,
      0,
      1
    ],
    [
      0.5,
      0.809017,
      -0.309017,
      0,
      0.809017,
      -0.309017,
      0.5,
      0,
      0.309017,
      -0.5,
      -0.809017,
      0,
      0,
      0,
      0,
      1
    ],
    [
      0.309017,
      -0.5,
      -0.809017,
      0,
      0.5,
      0.809017,
      -0.309017,
      0,
      0.809017,
      -0.309017,
      0.5,
      0,
      0,
      0,
      0,
      1
    ],
    [
      0.809017,
      -0.309017,
      0.5,
      0,
      0.309017,
      -0.5,
      -0.809017,
      0,
      0.5,
      0.809017,
      -0.309017,
      0,
      0,
      0,
      0,
      1
    ],
    [
      0.809017,
      0.309017,
      -0.5,
      0,
      0.309017,
      0.5,
      0.809017,
      0,
      0.5,
      -0.809017,
      0.309017,
      0,
      0,
      0,
      0,
      1
    ],
    [
      0.5,
      -0.809017,
      0.309017,
      0,
      0.809017,
      0.309017,
      -0.5,
      0,
      0.309017,
      0.5,
      0.809017,
      0,
      0,
      0,
      0,
      1
    ],
    [
      0.309017,
      0.5,
      0.809017,
      0,
      0.5,
      -0.809017,
      0.309017,
      0,
      0.809017,
      0.309017,
      -0.5,
      0,
      0,
      0,
      0,
      1
    ],
    [
      1,
      0,
      0,
      0,
      0,
      -1,
      0,
      0,
      0,
      0,
      -1,
      0,
      0,
      0,
      0,
      1
    ],
    [
      0,
      0,
      1,
      0,
      -1,
      0,
      0,
      0,
      0,
      -1,
      0,
      0,
      0,
      0,
      0,
      1
    ],
    [
      0,
      1,
      0,
      0,
      0,
      0,
      -1,
      0,
      -1,
      0,
      0,
      0,
      0,
      0,
      0,
      1
    ],
    [
      0.809017,
      0.309017,
      0.5,
      0,
      -0.309017,
      -0.5,
      0.809017,
      0,
      0.5,
      -0.809017,
      -0.309017,
      0,
      0,
      0,
      0,
      1
    ],
    [
      -0.5,
      0.809017,
      0.309017,
      0,
      -0.809017,
      -0.309017,
      -0.5,
      0,
      -0.309017,
      -0.5,
      0.809017,
      0,
      0,
      0,
      0,
      1
    ],
    [
      0.309017,
      0.5,
      -0.809017,
      0,
      0.5,
      -0.809017,
      -0.309017,
      0,
      -0.809017,
      -0.309017,
      -0.5,
      0,
      0,
      0,
      0,
      1
    ],
    [
      0.5,
      0.809017,
      0.309017,
      0,
      -0.809017,
      0.309017,
      0.5,
      0,
      0.309017,
      -0.5,
      0.809017,
      0,
      0,
      0,
      0,
      1
    ],
    [
      -0.309017,
      0.5,
      -0.809017,
      0,
      -0.5,
      -0.809017,
      -0.309017,
      0,
      -0.809017,
      0.309017,
      0.5,
      0,
      0,
      0,
      0,
      1
    ],
    [
      0.809017,
      -0.309017,
      -0.5,
      0,
      0.309017,
      -0.5,
      0.809017,
      0,
      -0.5,
      -0.809017,
      -0.309017,
      0,
      0,
      0,
      0,
      1
    ],
    [
      0.5,
      0.809017,
      -0.309017,
      0,
      -0.809017,
      0.309017,
      -0.5,
      0,
      -0.309017,
      0.5,
      0.809017,
      0,
      0,
      0,
      0,
      1
    ],
    [
      0.309017,
      -0.5,
      -0.809017,
      0,
      -0.5,
      -0.809017,
      0.309017,
      0,
      -0.809017,
      0.309017,
      -0.5,
      0,
      0,
      0,
      0,
      1
    ],
    [
      0.809017,
      -0.309017,
      0.5,
      0,
      -0.309017,
      0.5,
      0.809017,
      0,
      -0.5,
      -0.809017,
      0.309017,
      0,
      0,
      0,
      0,
      1
    ],
    [
      0.809017,
      0.309017,
      -0.5,
      0,
      -0.309017,
      -0.5,
      -0.809017,
      0,
      -0.5,
      0.809017,
      -0.309017,
      0,
      0,
      0,
      0,
      1
    ],
    [
      0.5,
      -0.809017,
      0.309017,
      0,
      -0.809017,
      -0.309017,
      0.5,
      0,
      -0.309017,
      -0.5,
      -0.809017,
      0,
      0,
      0,
      0,
      1
    ],
    [
      0.309017,
      0.5,
      0.809017,
      0,
      -0.5,
      0.809017,
      -0.309017,
      0,
      -0.809017,
      -0.309017,
      0.5,
      0,
      0,
      0,
      0,
      1
    ],
    [
      -1,
      0,
      0,
      0,
      0,
      -1,
      0,
      0,
      0,
      0,
      1,
      0,
      0,
      0,
      0,
      1
    ],
    [
      0,
      0,
      -1,
      0,
      -1,
      0,
      0,
      0,
      0,
      1,
      0,
      0,
      0,
      0,
      0,
      1
    ],
    [
      0,
      -1,
      0,
      0,
      0,
      0,
      -1,
      0,
      1,
      0,
      0,
      0,
      0,
      0,
      0,
      1
    ],
    [
      -0.809017,
      -0.309017,
      -0.5,
      0,
      -0.309017,
      -0.5,
      0.809017,
      0,
      -0.5,
      0.809017,
      0.309017,
      0,
      0,
      0,
      0,
      1
    ],
    [
      0.5,
      -0.809017,
      -0.309017,
      0,
      -0.809017,
      -0.309017,
      -0.5,
      0,
      0.309017,
      0.5,
      -0.809017,
      0,
      0,
      0,
      0,
      1
    ],
    [
      -0.309017,
      -0.5,
      0.809017,
      0,
      0.5,
      -0.809017,
      -0.309017,
      0,
      0.809017,
      0.309017,
      0.5,
      0,
      0,
      0,
      0,
      1
    ],
    [
      -0.5,
      -0.809017,
      -0.309017,
      0,
      -0.809017,
      0.309017,
      0.5,
      0,
      -0.309017,
      0.5,
      -0.809017,
      0,
      0,
      0,
      0,
      1
    ],
    [
      0.309017,
      -0.5,
      0.809017,
      0,
      -0.5,
      -0.809017,
      -0.309017,
      0,
      0.809017,
      -0.309017,
      -0.5,
      0,
      0,
      0,
      0,
      1
    ],
    [
      -0.809017,
      0.309017,
      0.5,
      0,
      0.309017,
      -0.5,
      0.809017,
      0,
      0.5,
      0.809017,
      0.309017,
      0,
      0,
      0,
      0,
      1
    ],
    [
      -0.5,
      -0.809017,
      0.309017,
      0,
      -0.809017,
      0.309017,
      -0.5,
      0,
      0.309017,
      -0.5,
      -0.809017,
      0,
      0,
      0,
      0,
      1
    ],
    [
      -0.309017,
      0.5,
      0.809017,
      0,
      -0.5,
      -0.809017,
      0.309017,
      0,
      0.809017,
      -0.309017,
      0.5,
      0,
      0,
      0,
      0,
      1
    ],
    [
      -0.809017,
      0.309017,
      -0.5,
      0,
      -0.309017,
      0.5,
      0.809017,
      0,
      0.5,
      0.809017,
      -0.309017,
      0,
      0,
      0,
      0,
      1
    ],
    [
      -0.809017,
      -0.309017,
      0.5,
      0,
      -0.309017,
      -0.5,
      -0.809017,
      0,
      0.5,
      -0.809017,
      0.309017,
      0,
      0,
      0,
      0,
      1
    ],
    [
      -0.5,
      0.809017,
      -0.309017,
      0,
      -0.809017,
      -0.309017,
      0.5,
      0,
      0.309017,
      0.5,
      0.809017,
      0,
      0,
      0,
      0,
      1
    ],
    [
      -0.309017,
      -0.5,
      -0.809017,
      0,
      -0.5,
      0.809017,
      -0.309017,
      0,
      0.809017,
      0.309017,
      -0.5,
      0,
      0,
      0,
      0,
      1
    ],
    [
      -1,
      0,
      0,
      0,
      0,
      1,
      0,
      0,
      0,
      0,
      -1,
      0,
      0,
      0,
      0,
      1
    ],
    [
      0,
      0,
      -1,
      0,
      1,
      0,
      0,
      0,
      0,
      -1,
      0,
      0,
      0,
      0,
      0,
      1
    ],
    [
      0,
      -1,
      0,
      0,
      0,
      0,
      1,
      0,
      -1,
      0,
      0,
      0,
      0,
      0,
      0,
      1
    ],
    [
      -0.809017,
      -0.309017,
      -0.5,
      0,
      0.309017,
      0.5,
      -0.809017,
      0,
      0.5,
      -0.809017,
      -0.309017,
      0,
      0,
      0,
      0,
      1
    ],
    [
      0.5,
      -0.809017,
      -0.309017,
      0,
      0.809017,
      0.309017,
      0.5,
      0,
      -0.309017,
      -0.5,
      0.809017,
      0,
      0,
      0,
      0,
      1
    ],
    [
      -0.309017,
      -0.5,
      0.809017,
      0,
      -0.5,
      0.809017,
      0.309017,
      0,
      -0.809017,
      -0.309017,
      -0.5,
      0,
      0,
      0,
      0,
      1
    ],
    [
      -0.5,
      -0.809017,
      -0.309017,
      0,
      0.809017,
      -0.309017,
      -0.5,
      0,
      0.309017,
      -0.5,
      0.809017,
      0,
      0,
      0,
      0,
      1
    ],
    [
      0.309017,
      -0.5,
      0.809017,
      0,
      0.5,
      0.809017,
      0.309017,
      0,
      -0.809017,
      0.309017,
      0.5,
      0,
      0,
      0,
      0,
      1
    ],
    [
      -0.809017,
      0.309017,
      0.5,
      0,
      -0.309017,
      0.5,
      -0.809017,
      0,
      -0.5,
      -0.809017,
      -0.309017,
      0,
      0,
      0,
      0,
      1
    ],
    [
      -0.5,
      -0.809017,
      0.309017,
      0,
      0.809017,
      -0.309017,
      0.5,
      0,
      -0.309017,
      0.5,
      0.809017,
      0,
      0,
      0,
      0,
      1
    ],
    [
      -0.309017,
      0.5,
      0.809017,
      0,
      0.5,
      0.809017,
      -0.309017,
      0,
      -0.809017,
      0.309017,
      -0.5,
      0,
      0,
      0,
      0,
      1
    ],
    [
      -0.809017,
      0.309017,
      -0.5,
      0,
      0.309017,
      -0.5,
      -0.809017,
      0,
      -0.5,
      -0.809017,
      0.309017,
      0,
      0,
      0,
      0,
      1
    ],
    [
      -0.809017,
      -0.309017,
      0.5,
      0,
      0.309017,
      0.5,
      0.809017,
      0,
      -0.5,
      0.809017,
      -0.309017,
      0,
      0,
      0,
      0,
      1
    ],
    [
      -0.5,
      0.809017,
      -0.309017,
      0,
      0.809017,
      0.309017,
      -0.5,
      0,
      -0.309017,
      -0.5,
      -0.809017,
      0,
      0,
      0,
      0,
      1
    ],
    [
      -0.309017,
      -0.5,
      -0.809017,
      0,
      0.5,
      -0.809017,
      0.309017,
      0,
      -0.809017,
      -0.309017,
      0.5,
      0,
      0,
      0,
      0,
      1
    ]
  ],
  "lights": {
    "directionalLights": [
      {
        "direction": [
          1,
          -1,
          -1
        ],
        "color": "#EBEBE4"
      },
      {
        "direction": [
          -1,
          0,
          0
        ],
        "color": "#E4E4EB"
      },
      {
        "direction": [
          0,
          0,
          -1
        ],
        "color": "#1E1E1E"
      }
    ],
    "ambientColor": "#292929",
    "backgroundColor": "#AFC8DC"
  },
  "camera": {
    "position": {
      "x": 0,
      "y": 0,
      "z": 10
    },
    "width": 4.5,
    "nearClipDistance": 0.025,
    "fieldOfView": 4.4,
    "viewDistance": 10,
    "farClipDistance": 20,
    "perspective": true,
    "lookAtPoint": {
      "x": 0,
      "y": 0,
      "z": 0
    },
    "lookDirection": {
      "x": 0,
      "y": 0,
      "z": -1
    },
    "stereo": false,
    "upDirection": {
      "x": 0,
      "y": 1,
      "z": 0
    }
  },
  "embedding": [
    1,
    0,
    0,
    0,
    0,
    1,
    0,
    0,
    0,
    0,
    1,
    0,
    0,
    0,
    0,
    1
  ],
  "shapes": [
    {
      "id": "3b24400f-94cb-4d61-8c96-e9a2f191a123",
      "vertices": [
        {
          "x": 0.031475733,
          "y": 1.424242387,
          "z": -1.130605896
        },
        {
          "x": -0.062951466,
          "y": 1.447849161,
          "z": -1.154212624
        },
        {
          "x": -0.031475733,
          "y": 0.110019857,
          "z": -0.152374707
        },
        {
          "x": 0.062951466,
          "y": 0.086413059,
          "z": -0.128767909
        },
        {
          "x": -0.031475733,
          "y": 1.39276664,
          "z": -1.225033113
        },
        {
          "x": 0.062951466,
          "y": 1.369159912,
          "z": -1.201426339
        },
        {
          "x": 0.031475733,
          "y": 0.141495585,
          "z": -0.057947514
        },
        {
          "x": -0.062951466,
          "y": 0.165102383,
          "z": -0.081554312
        }
      ],
      "faces": [
        {
          "vertices": [
            2,
            3,
            6
          ]
        },
        {
          "vertices": [
            2,
            6,
            7
          ]
        },
        {
          "vertices": [
            0,
            5,
            4
          ]
        },
        {
          "vertices": [
            0,
            4,
            1
          ]
        },
        {
          "vertices": [
            2,
            4,
            5
          ]
        },
        {
          "vertices": [
            2,
            5,
            3
          ]
        },
        {
          "vertices": [
            0,
            6,
            3
          ]
        },
        {
          "vertices": [
            0,
            3,
            5
          ]
        },
        {
          "vertices": [
            0,
            1,
            7
          ]
        },
        {
          "vertices": [
            0,
            7,
            6
          ]
        },
        {
          "vertices": [
            1,
            4,
            2
          ]
        },
        {
          "vertices": [
            1,
            2,
            7
          ]
        }
      ]
    },
    {
      "id": "eb5fb336-6831-47b7-b100-04b1002baf7d",
      "vertices": [
        {
          "x": 1.763932082,
          "y": 0.07294902,
          "z": 0.045084974
        },
        {
          "x": 1.763932082,
          "y": 0.07294902,
          "z": -0.045084974
        },
        {
          "x": 0.236067984,
          "y": 0.07294902,
          "z": -0.045084974
        },
        {
          "x": 0.236067984,
          "y": 0.07294902,
          "z": 0.045084974
        },
        {
          "x": 1.763932082,
          "y": -0.07294902,
          "z": 0.045084974
        },
        {
          "x": 0.236067984,
          "y": -0.07294902,
          "z": 0.045084974
        },
        {
          "x": 0.236067984,
          "y": -0.07294902,
          "z": -0.045084974
        },
        {
          "x": 1.763932082,
          "y": -0.07294902,
          "z": -0.045084974
        },
        {
          "x": 2.000000066,
          "y": 0,
          "z": 0
        }
      ],
      "faces": [
        {
          "vertices": [
            1,
            7,
            6
          ]
        },
        {
          "vertices": [
            1,
            6,
            2
          ]
        },
        {
          "vertices": [
            0,
            1,
            2
          ]
        },
        {
          "vertices": [
            0,
            2,
            3
          ]
        },
        {
          "vertices": [
            4,
            5,
            6
          ]
        },
        {
          "vertices": [
            4,
            6,
            7
          ]
        },
        {
          "vertices": [
            0,
            3,
            5
          ]
        },
        {
          "vertices": [
            0,
            5,
            4
          ]
        }
      ]
    },
    {
      "id": "1c9cbf0e-4ff9-443e-bc94-5d5eb8f3c8e7",
      "vertices": [
        {
          "x": -1.534262248,
          "y": -1.000000033,
          "z": -0.925895224
        },
        {
          "x": -1.534262248,
          "y": 1.000000033,
          "z": -0.925895224
        },
        {
          "x": 0,
          "y": 1.000000033,
          "z": -2.208875851
        },
        {
          "x": 0,
          "y": -1.000000033,
          "z": -2.208875851
        }
      ],
      "faces": [
        {
          "vertices": [
            0,
            1,
            2
          ]
        },
        {
          "vertices": [
            0,
            2,
            3
          ]
        },
        {
          "vertices": [
            0,
            3,
            2
          ]
        },
        {
          "vertices": [
            0,
            2,
            1
          ]
        }
      ]
    },
    {
      "id": "e4589055-96be-4cfc-a90d-f3d2f9b020c1",
      "vertices": [
        {
          "x": -0.695080555,
          "y": -0.876121777,
          "z": 1.470823227
        },
        {
          "x": -0.600653338,
          "y": -0.899728551,
          "z": 1.494430025
        },
        {
          "x": -0.023623462,
          "y": -0.123878249,
          "z": 0.105078055
        },
        {
          "x": -0.118050658,
          "y": -0.100271453,
          "z": 0.081471251
        },
        {
          "x": -0.632129108,
          "y": -0.970548994,
          "z": 1.439347503
        },
        {
          "x": -0.726556326,
          "y": -0.946942219,
          "z": 1.415740611
        },
        {
          "x": -0.086574923,
          "y": -0.029451056,
          "z": 0.136553785
        },
        {
          "x": 0.00785227,
          "y": -0.053057854,
          "z": 0.160160583
        }
      ],
      "faces": [
        {
          "vertices": [
            2,
            3,
            6
          ]
        },
        {
          "vertices": [
            2,
            6,
            7
          ]
        },
        {
          "vertices": [
            0,
            5,
            4
          ]
        },
        {
          "vertices": [
            0,
            4,
            1
          ]
        },
        {
          "vertices": [
            2,
            4,
            5
          ]
        },
        {
          "vertices": [
            2,
            5,
            3
          ]
        },
        {
          "vertices": [
            0,
            6,
            3
          ]
        },
        {
          "vertices": [
            0,
            3,
            5
          ]
        },
        {
          "vertices": [
            0,
            1,
            7
          ]
        },
        {
          "vertices": [
            0,
            7,
            6
          ]
        },
        {
          "vertices": [
            1,
            4,
            2
          ]
        },
        {
          "vertices": [
            1,
            2,
            7
          ]
        }
      ]
    },
    {
      "id": "2c90f458-8563-4426-8aa2-0c3eab71e329",
      "vertices": [
        {
          "x": 1.103345001,
          "y": 0.031475733,
          "z": -1.44719785
        },
        {
          "x": 1.126951776,
          "y": -0.062951466,
          "z": -1.470804743
        },
        {
          "x": 0.149621234,
          "y": -0.031475733,
          "z": -0.111671936
        },
        {
          "x": 0.126014435,
          "y": 0.062951466,
          "z": -0.088065138
        },
        {
          "x": 1.197772219,
          "y": -0.031475733,
          "z": -1.415722127
        },
        {
          "x": 1.174165326,
          "y": 0.062951466,
          "z": -1.392115328
        },
        {
          "x": 0.055194045,
          "y": 0.031475733,
          "z": -0.143147674
        },
        {
          "x": 0.078800839,
          "y": -0.062951466,
          "z": -0.166754458
        }
      ],
      "faces": [
        {
          "vertices": [
            2,
            3,
            6
          ]
        },
        {
          "vertices": [
            2,
            6,
            7
          ]
        },
        {
          "vertices": [
            0,
            5,
            4
          ]
        },
        {
          "vertices": [
            0,
            4,
            1
          ]
        },
        {
          "vertices": [
            2,
            4,
            5
          ]
        },
        {
          "vertices": [
            2,
            5,
            3
          ]
        },
        {
          "vertices": [
            0,
            6,
            3
          ]
        },
        {
          "vertices": [
            0,
            3,
            5
          ]
        },
        {
          "vertices": [
            0,
            1,
            7
          ]
        },
        {
          "vertices": [
            0,
            7,
            6
          ]
        },
        {
          "vertices": [
            1,
            4,
            2
          ]
        },
        {
          "vertices": [
            1,
            2,
            7
          ]
        }
      ]
    },
    {
      "id": "9aab7e34-8c49-40f6-ba7d-771d0a7c9ef2",
      "vertices": [
        {
          "x": -1.130616142,
          "y": 1.45269533,
          "z": 0.19119558
        },
        {
          "x": -1.107009414,
          "y": 1.429088532,
          "z": 0.285622761
        },
        {
          "x": -0.122350082,
          "y": 0.081566883,
          "z": 0.084693638
        },
        {
          "x": -0.145956892,
          "y": 0.105173686,
          "z": -0.009733561
        },
        {
          "x": -1.177829691,
          "y": 1.374005986,
          "z": 0.317098508
        },
        {
          "x": -1.201436608,
          "y": 1.397612879,
          "z": 0.222671315
        },
        {
          "x": -0.07513648,
          "y": 0.160256215,
          "z": -0.041209293
        },
        {
          "x": -0.051529684,
          "y": 0.136649409,
          "z": 0.053217903
        }
      ],
      "faces": [
        {
          "vertices": [
            2,
            3,
            6
          ]
        },
        {
          "vertices": [
            2,
            6,
            7
          ]
        },
        {
          "vertices": [
            0,
            5,
            4
          ]
        },
        {
          "vertices": [
            0,
            4,
            1
          ]
        },
        {
          "vertices": [
            2,
            4,
            5
          ]
        },
        {
          "vertices": [
            2,
            5,
            3
          ]
        },
        {
          "vertices": [
            0,
            6,
            3
          ]
        },
        {
          "vertices": [
            0,
            3,
            5
          ]
        },
        {
          "vertices": [
            0,
            1,
            7
          ]
        },
        {
          "vertices": [
            0,
            7,
            6
          ]
        },
        {
          "vertices": [
            1,
            4,
            2
          ]
        },
        {
          "vertices": [
            1,
            2,
            7
          ]
        }
      ]
    },
    {
      "id": "41f6930f-dcad-49e8-9ba3-ea2b5ad8ccb1",
      "vertices": [
        {
          "x": -1.429088532,
          "y": 1.107009414,
          "z": 0.285622761
        },
        {
          "x": -1.45269533,
          "y": 1.130616142,
          "z": 0.19119558
        },
        {
          "x": -0.105173686,
          "y": 0.145956892,
          "z": -0.009733561
        },
        {
          "x": -0.081566883,
          "y": 0.122350082,
          "z": 0.084693638
        },
        {
          "x": -1.397612879,
          "y": 1.201436608,
          "z": 0.222671315
        },
        {
          "x": -1.374005986,
          "y": 1.177829691,
          "z": 0.317098508
        },
        {
          "x": -0.136649409,
          "y": 0.051529684,
          "z": 0.053217903
        },
        {
          "x": -0.160256215,
          "y": 0.07513648,
          "z": -0.041209293
        }
      ],
      "faces": [
        {
          "vertices": [
            2,
            3,
            6
          ]
        },
        {
          "vertices": [
            2,
            6,
            7
          ]
        },
        {
          "vertices": [
            0,
            5,
            4
          ]
        },
        {
          "vertices": [
            0,
            4,
            1
          ]
        },
        {
          "vertices": [
            2,
            4,
            5
          ]
        },
        {
          "vertices": [
            2,
            5,
            3
          ]
        },
        {
          "vertices": [
            0,
            6,
            3
          ]
        },
        {
          "vertices": [
            0,
            3,
            5
          ]
        },
        {
          "vertices": [
            0,
            1,
            7
          ]
        },
        {
          "vertices": [
            0,
            7,
            6
          ]
        },
        {
          "vertices": [
            1,
            4,
            2
          ]
        },
        {
          "vertices": [
            1,
            2,
            7
          ]
        }
      ]
    },
    {
      "id": "7ec4c6d8-4ea9-4b87-8447-56b75c4570bd",
      "vertices": [
        {
          "x": 0.07294902,
          "y": -0.190983012,
          "z": 0.14589804
        },
        {
          "x": 0.190983012,
          "y": -0.14589804,
          "z": 0.07294902
        },
        {
          "x": 0.14589804,
          "y": -0.07294902,
          "z": 0.190983012
        },
        {
          "x": 0.236067984,
          "y": 0.07294902,
          "z": 0.045084974
        },
        {
          "x": 0.190983012,
          "y": 0.14589804,
          "z": 0.07294902
        },
        {
          "x": 0.14589804,
          "y": 0.07294902,
          "z": 0.190983012
        },
        {
          "x": 0.190983012,
          "y": 0,
          "z": 0.163118964
        },
        {
          "x": 0.045084974,
          "y": -0.236067984,
          "z": 0.07294902
        },
        {
          "x": -0.045084974,
          "y": -0.236067984,
          "z": 0.07294902
        },
        {
          "x": -0.045084974,
          "y": -0.236067984,
          "z": -0.07294902
        },
        {
          "x": 0.045084974,
          "y": -0.236067984,
          "z": -0.07294902
        },
        {
          "x": 0.236067984,
          "y": -0.07294902,
          "z": -0.045084974
        },
        {
          "x": 0.190983012,
          "y": -0.14589804,
          "z": -0.07294902
        },
        {
          "x": 0.14589804,
          "y": -0.07294902,
          "z": -0.190983012
        },
        {
          "x": 0.190983012,
          "y": 0,
          "z": -0.163118964
        },
        {
          "x": 0,
          "y": 0.163118964,
          "z": -0.190983012
        },
        {
          "x": 0.07294902,
          "y": 0.190983012,
          "z": -0.14589804
        },
        {
          "x": 0.14589804,
          "y": 0.07294902,
          "z": -0.190983012
        },
        {
          "x": 0.07294902,
          "y": 0.045084974,
          "z": -0.236067984
        },
        {
          "x": 0.236067984,
          "y": 0.07294902,
          "z": -0.045084974
        },
        {
          "x": -0.07294902,
          "y": -0.190983012,
          "z": 0.14589804
        },
        {
          "x": 0,
          "y": -0.163118964,
          "z": 0.190983012
        },
        {
          "x": 0.190983012,
          "y": 0.14589804,
          "z": -0.07294902
        },
        {
          "x": 0.163118964,
          "y": 0.190983012,
          "z": 0
        },
        {
          "x": -0.163118964,
          "y": 0.190983012,
          "z": 0
        },
        {
          "x": -0.190983012,
          "y": 0.14589804,
          "z": 0.07294902
        },
        {
          "x": -0.07294902,
          "y": 0.190983012,
          "z": 0.14589804
        },
        {
          "x": -0.045084974,
          "y": 0.236067984,
          "z": 0.07294902
        },
        {
          "x": 0.07294902,
          "y": -0.045084974,
          "z": -0.236067984
        },
        {
          "x": 0.045084974,
          "y": 0.236067984,
          "z": 0.07294902
        },
        {
          "x": 0.07294902,
          "y": 0.190983012,
          "z": 0.14589804
        },
        {
          "x": -0.190983012,
          "y": -0.14589804,
          "z": 0.07294902
        },
        {
          "x": -0.163118964,
          "y": -0.190983012,
          "z": 0
        },
        {
          "x": 0,
          "y": 0.163118964,
          "z": 0.190983012
        },
        {
          "x": 0.07294902,
          "y": -0.190983012,
          "z": -0.14589804
        },
        {
          "x": 0,
          "y": -0.163118964,
          "z": -0.190983012
        },
        {
          "x": -0.236067984,
          "y": 0.07294902,
          "z": 0.045084974
        },
        {
          "x": -0.190983012,
          "y": 0,
          "z": 0.163118964
        },
        {
          "x": -0.14589804,
          "y": 0.07294902,
          "z": 0.190983012
        },
        {
          "x": 0.236067984,
          "y": -0.07294902,
          "z": 0.045084974
        },
        {
          "x": -0.07294902,
          "y": -0.190983012,
          "z": -0.14589804
        },
        {
          "x": -0.236067984,
          "y": 0.07294902,
          "z": -0.045084974
        },
        {
          "x": -0.236067984,
          "y": -0.07294902,
          "z": -0.045084974
        },
        {
          "x": -0.236067984,
          "y": -0.07294902,
          "z": 0.045084974
        },
        {
          "x": 0.045084974,
          "y": 0.236067984,
          "z": -0.07294902
        },
        {
          "x": -0.190983012,
          "y": 0.14589804,
          "z": -0.07294902
        },
        {
          "x": -0.045084974,
          "y": 0.236067984,
          "z": -0.07294902
        },
        {
          "x": -0.07294902,
          "y": 0.190983012,
          "z": -0.14589804
        },
        {
          "x": -0.14589804,
          "y": -0.07294902,
          "z": 0.190983012
        },
        {
          "x": 0.07294902,
          "y": 0.045084974,
          "z": 0.236067984
        },
        {
          "x": -0.07294902,
          "y": 0.045084974,
          "z": -0.236067984
        },
        {
          "x": -0.07294902,
          "y": 0.045084974,
          "z": 0.236067984
        },
        {
          "x": -0.07294902,
          "y": -0.045084974,
          "z": 0.236067984
        },
        {
          "x": 0.07294902,
          "y": -0.045084974,
          "z": 0.236067984
        },
        {
          "x": 0.163118964,
          "y": -0.190983012,
          "z": 0
        },
        {
          "x": -0.190983012,
          "y": 0,
          "z": -0.163118964
        },
        {
          "x": -0.14589804,
          "y": -0.07294902,
          "z": -0.190983012
        },
        {
          "x": -0.07294902,
          "y": -0.045084974,
          "z": -0.236067984
        },
        {
          "x": -0.14589804,
          "y": 0.07294902,
          "z": -0.190983012
        },
        {
          "x": -0.190983012,
          "y": -0.14589804,
          "z": -0.07294902
        }
      ],
      "faces": [
        {
          "vertices": [
            9,
            40,
            35
          ]
        },
        {
          "vertices": [
            9,
            35,
            34
          ]
        },
        {
          "vertices": [
            9,
            34,
            10
          ]
        },
        {
          "vertices": [
            0,
            1,
            2
          ]
        },
        {
          "vertices": [
            33,
            51,
            49
          ]
        },
        {
          "vertices": [
            25,
            36,
            37
          ]
        },
        {
          "vertices": [
            25,
            37,
            38
          ]
        },
        {
          "vertices": [
            41,
            55,
            42
          ]
        },
        {
          "vertices": [
            9,
            32,
            59
          ]
        },
        {
          "vertices": [
            9,
            59,
            40
          ]
        },
        {
          "vertices": [
            20,
            21,
            52
          ]
        },
        {
          "vertices": [
            20,
            52,
            48
          ]
        },
        {
          "vertices": [
            26,
            33,
            30
          ]
        },
        {
          "vertices": [
            26,
            30,
            29
          ]
        },
        {
          "vertices": [
            26,
            29,
            27
          ]
        },
        {
          "vertices": [
            3,
            4,
            5
          ]
        },
        {
          "vertices": [
            3,
            5,
            6
          ]
        },
        {
          "vertices": [
            27,
            29,
            44
          ]
        },
        {
          "vertices": [
            27,
            44,
            46
          ]
        },
        {
          "vertices": [
            50,
            57,
            56
          ]
        },
        {
          "vertices": [
            50,
            56,
            55
          ]
        },
        {
          "vertices": [
            50,
            55,
            58
          ]
        },
        {
          "vertices": [
            26,
            38,
            51
          ]
        },
        {
          "vertices": [
            26,
            51,
            33
          ]
        },
        {
          "vertices": [
            45,
            47,
            58
          ]
        },
        {
          "vertices": [
            18,
            28,
            57
          ]
        },
        {
          "vertices": [
            18,
            57,
            50
          ]
        },
        {
          "vertices": [
            40,
            59,
            56
          ]
        },
        {
          "vertices": [
            31,
            48,
            37
          ]
        },
        {
          "vertices": [
            31,
            37,
            43
          ]
        },
        {
          "vertices": [
            7,
            8,
            9
          ]
        },
        {
          "vertices": [
            7,
            9,
            10
          ]
        },
        {
          "vertices": [
            36,
            41,
            42
          ]
        },
        {
          "vertices": [
            36,
            42,
            43
          ]
        },
        {
          "vertices": [
            24,
            46,
            47
          ]
        },
        {
          "vertices": [
            24,
            47,
            45
          ]
        },
        {
          "vertices": [
            4,
            30,
            5
          ]
        },
        {
          "vertices": [
            15,
            47,
            46
          ]
        },
        {
          "vertices": [
            15,
            46,
            44
          ]
        },
        {
          "vertices": [
            15,
            44,
            16
          ]
        },
        {
          "vertices": [
            15,
            50,
            58
          ]
        },
        {
          "vertices": [
            15,
            58,
            47
          ]
        },
        {
          "vertices": [
            24,
            45,
            41
          ]
        },
        {
          "vertices": [
            24,
            41,
            36
          ]
        },
        {
          "vertices": [
            24,
            36,
            25
          ]
        },
        {
          "vertices": [
            11,
            14,
            19
          ]
        },
        {
          "vertices": [
            3,
            6,
            39
          ]
        },
        {
          "vertices": [
            1,
            39,
            6
          ]
        },
        {
          "vertices": [
            1,
            6,
            2
          ]
        },
        {
          "vertices": [
            8,
            32,
            9
          ]
        },
        {
          "vertices": [
            11,
            12,
            13
          ]
        },
        {
          "vertices": [
            11,
            13,
            14
          ]
        },
        {
          "vertices": [
            16,
            22,
            17
          ]
        },
        {
          "vertices": [
            0,
            21,
            20
          ]
        },
        {
          "vertices": [
            0,
            20,
            8
          ]
        },
        {
          "vertices": [
            0,
            8,
            7
          ]
        },
        {
          "vertices": [
            12,
            34,
            13
          ]
        },
        {
          "vertices": [
            35,
            40,
            56
          ]
        },
        {
          "vertices": [
            35,
            56,
            57
          ]
        },
        {
          "vertices": [
            0,
            7,
            54
          ]
        },
        {
          "vertices": [
            0,
            54,
            1
          ]
        },
        {
          "vertices": [
            15,
            16,
            17
          ]
        },
        {
          "vertices": [
            15,
            17,
            18
          ]
        },
        {
          "vertices": [
            3,
            19,
            22
          ]
        },
        {
          "vertices": [
            3,
            22,
            23
          ]
        },
        {
          "vertices": [
            3,
            23,
            4
          ]
        },
        {
          "vertices": [
            7,
            10,
            54
          ]
        },
        {
          "vertices": [
            41,
            45,
            58
          ]
        },
        {
          "vertices": [
            41,
