{
  "field" : "golden",
  "symmetry" : "icosahedral",
  "orientations" : [ [ 1.0, 0.0, 0.0, 0.0, 0.0, 1.0, 0.0, 0.0, 0.0, 0.0, 1.0, 0.0, 0.0, 0.0, 0.0, 1.0 ], [ 0.0, 0.0, 1.0, 0.0, 1.0, 0.0, 0.0, 0.0, 0.0, 1.0, 0.0, 0.0, 0.0, 0.0, 0.0, 1.0 ], [ 0.0, 1.0, 0.0, 0.0, 0.0, 0.0, 1.0, 0.0, 1.0, 0.0, 0.0, 0.0, 0.0, 0.0, 0.0, 1.0 ], [ 0.809017, 0.309017, 0.5, 0.0, 0.309017, 0.5, -0.809017, 0.0, -0.5, 0.809017, 0.309017, 0.0, 0.0, 0.0, 0.0, 1.0 ], [ -0.5, 0.809017, 0.309017, 0.0, 0.809017, 0.309017, 0.5, 0.0, 0.309017, 0.5, -0.809017, 0.0, 0.0, 0.0, 0.0, 1.0 ], [ 0.309017, 0.5, -0.809017, 0.0, -0.5, 0.809017, 0.309017, 0.0, 0.809017, 0.309017, 0.5, 0.0, 0.0, 0.0, 0.0, 1.0 ], [ 0.5, 0.809017, 0.309017, 0.0, 0.809017, -0.309017, -0.5, 0.0, -0.309017, 0.5, -0.809017, 0.0, 0.0, 0.0, 0.0, 1.0 ], [ -0.309017, 0.5, -0.809017, 0.0, 0.5, 0.809017, 0.309017, 0.0, 0.809017, -0.309017, -0.5, 0.0, 0.0, 0.0, 0.0, 1.0 ], [ 0.809017, -0.309017, -0.5, 0.0, -0.309017, 0.5, -0.809017, 0.0, 0.5, 0.809017, 0.309017, 0.0, 0.0, 0.0, 0.0, 1.0 ], [ 0.5, 0.809017, -0.309017, 0.0, 0.809017, -0.309017, 0.5, 0.0, 0.309017, -0.5, -0.809017, 0.0, 0.0, 0.0, 0.0, 1.0 ], [ 0.309017, -0.5, -0.809017, 0.0, 0.5, 0.809017, -0.309017, 0.0, 0.809017, -0.309017, 0.5, 0.0, 0.0, 0.0, 0.0, 1.0 ], [ 0.809017, -0.309017, 0.5, 0.0, 0.309017, -0.5, -0.809017, 0.0, 0.5, 0.809017, -0.309017, 0.0, 0.0, 0.0, 0.0, 1.0 ], [ 0.809017, 0.309017, -0.5, 0.0, 0.309017, 0.5, 0.809017, 0.0, 0.5, -0.809017, 0.309017, 0.0, 0.0, 0.0, 0.0, 1.0 ], [ 0.5, -0.809017, 0.309017, 0.0, 0.809017, 0.309017, -0.5, 0.0, 0.309017, 0.5, 0.809017, 0.0, 0.0, 0.0, 0.0, 1.0 ], [ 0.309017, 0.5, 0.809017, 0.0, 0.5, -0.809017, 0.309017, 0.0, 0.809017, 0.309017, -0.5, 0.0, 0.0, 0.0, 0.0, 1.0 ], [ 1.0, 0.0, 0.0, 0.0, 0.0, -1.0, 0.0, 0.0, 0.0, 0.0, -1.0, 0.0, 0.0, 0.0, 0.0, 1.0 ], [ 0.0, 0.0, 1.0, 0.0, -1.0, 0.0, 0.0, 0.0, 0.0, -1.0, 0.0, 0.0, 0.0, 0.0, 0.0, 1.0 ], [ 0.0, 1.0, 0.0, 0.0, 0.0, 0.0, -1.0, 0.0, -1.0, 0.0, 0.0, 0.0, 0.0, 0.0, 0.0, 1.0 ], [ 0.809017, 0.309017, 0.5, 0.0, -0.309017, -0.5, 0.809017, 0.0, 0.5, -0.809017, -0.309017, 0.0, 0.0, 0.0, 0.0, 1.0 ], [ -0.5, 0.809017, 0.309017, 0.0, -0.809017, -0.309017, -0.5, 0.0, -0.309017, -0.5, 0.809017, 0.0, 0.0, 0.0, 0.0, 1.0 ], [ 0.309017, 0.5, -0.809017, 0.0, 0.5, -0.809017, -0.309017, 0.0, -0.809017, -0.309017, -0.5, 0.0, 0.0, 0.0, 0.0, 1.0 ], [ 0.5, 0.809017, 0.309017, 0.0, -0.809017, 0.309017, 0.5, 0.0, 0.309017, -0.5, 0.809017, 0.0, 0.0, 0.0, 0.0, 1.0 ], [ -0.309017, 0.5, -0.809017, 0.0, -0.5, -0.809017, -0.309017, 0.0, -0.809017, 0.309017, 0.5, 0.0, 0.0, 0.0, 0.0, 1.0 ], [ 0.809017, -0.309017, -0.5, 0.0, 0.309017, -0.5, 0.809017, 0.0, -0.5, -0.809017, -0.309017, 0.0, 0.0, 0.0, 0.0, 1.0 ], [ 0.5, 0.809017, -0.309017, 0.0, -0.809017, 0.309017, -0.5, 0.0, -0.309017, 0.5, 0.809017, 0.0, 0.0, 0.0, 0.0, 1.0 ], [ 0.309017, -0.5, -0.809017, 0.0, -0.5, -0.809017, 0.309017, 0.0, -0.809017, 0.309017, -0.5, 0.0, 0.0, 0.0, 0.0, 1.0 ], [ 0.809017, -0.309017, 0.5, 0.0, -0.309017, 0.5, 0.809017, 0.0, -0.5, -0.809017, 0.309017, 0.0, 0.0, 0.0, 0.0, 1.0 ], [ 0.809017, 0.309017, -0.5, 0.0, -0.309017, -0.5, -0.809017, 0.0, -0.5, 0.809017, -0.309017, 0.0, 0.0, 0.0, 0.0, 1.0 ], [ 0.5, -0.809017, 0.309017, 0.0, -0.809017, -0.309017, 0.5, 0.0, -0.309017, -0.5, -0.809017, 0.0, 0.0, 0.0, 0.0, 1.0 ], [ 0.309017, 0.5, 0.809017, 0.0, -0.5, 0.809017, -0.309017, 0.0, -0.809017, -0.309017, 0.5, 0.0, 0.0, 0.0, 0.0, 1.0 ], [ -1.0, 0.0, 0.0, 0.0, 0.0, -1.0, 0.0, 0.0, 0.0, 0.0, 1.0, 0.0, 0.0, 0.0, 0.0, 1.0 ], [ 0.0, 0.0, -1.0, 0.0, -1.0, 0.0, 0.0, 0.0, 0.0, 1.0, 0.0, 0.0, 0.0, 0.0, 0.0, 1.0 ], [ 0.0, -1.0, 0.0, 0.0, 0.0, 0.0, -1.0, 0.0, 1.0, 0.0, 0.0, 0.0, 0.0, 0.0, 0.0, 1.0 ], [ -0.809017, -0.309017, -0.5, 0.0, -0.309017, -0.5, 0.809017, 0.0, -0.5, 0.809017, 0.309017, 0.0, 0.0, 0.0, 0.0, 1.0 ], [ 0.5, -0.809017, -0.309017, 0.0, -0.809017, -0.309017, -0.5, 0.0, 0.309017, 0.5, -0.809017, 0.0, 0.0, 0.0, 0.0, 1.0 ], [ -0.309017, -0.5, 0.809017, 0.0, 0.5, -0.809017, -0.309017, 0.0, 0.809017, 0.309017, 0.5, 0.0, 0.0, 0.0, 0.0, 1.0 ], [ -0.5, -0.809017, -0.309017, 0.0, -0.809017, 0.309017, 0.5, 0.0, -0.309017, 0.5, -0.809017, 0.0, 0.0, 0.0, 0.0, 1.0 ], [ 0.309017, -0.5, 0.809017, 0.0, -0.5, -0.809017, -0.309017, 0.0, 0.809017, -0.309017, -0.5, 0.0, 0.0, 0.0, 0.0, 1.0 ], [ -0.809017, 0.309017, 0.5, 0.0, 0.309017, -0.5, 0.809017, 0.0, 0.5, 0.809017, 0.309017, 0.0, 0.0, 0.0, 0.0, 1.0 ], [ -0.5, -0.809017, 0.309017, 0.0, -0.809017, 0.309017, -0.5, 0.0, 0.309017, -0.5, -0.809017, 0.0, 0.0, 0.0, 0.0, 1.0 ], [ -0.309017, 0.5, 0.809017, 0.0, -0.5, -0.809017, 0.309017, 0.0, 0.809017, -0.309017, 0.5, 0.0, 0.0, 0.0, 0.0, 1.0 ], [ -0.809017, 0.309017, -0.5, 0.0, -0.309017, 0.5, 0.809017, 0.0, 0.5, 0.809017, -0.309017, 0.0, 0.0, 0.0, 0.0, 1.0 ], [ -0.809017, -0.309017, 0.5, 0.0, -0.309017, -0.5, -0.809017, 0.0, 0.5, -0.809017, 0.309017, 0.0, 0.0, 0.0, 0.0, 1.0 ], [ -0.5, 0.809017, -0.309017, 0.0, -0.809017, -0.309017, 0.5, 0.0, 0.309017, 0.5, 0.809017, 0.0, 0.0, 0.0, 0.0, 1.0 ], [ -0.309017, -0.5, -0.809017, 0.0, -0.5, 0.809017, -0.309017, 0.0, 0.809017, 0.309017, -0.5, 0.0, 0.0, 0.0, 0.0, 1.0 ], [ -1.0, 0.0, 0.0, 0.0, 0.0, 1.0, 0.0, 0.0, 0.0, 0.0, -1.0, 0.0, 0.0, 0.0, 0.0, 1.0 ], [ 0.0, 0.0, -1.0, 0.0, 1.0, 0.0, 0.0, 0.0, 0.0, -1.0, 0.0, 0.0, 0.0, 0.0, 0.0, 1.0 ], [ 0.0, -1.0, 0.0, 0.0, 0.0, 0.0, 1.0, 0.0, -1.0, 0.0, 0.0, 0.0, 0.0, 0.0, 0.0, 1.0 ], [ -0.809017, -0.309017, -0.5, 0.0, 0.309017, 0.5, -0.809017, 0.0, 0.5, -0.809017, -0.309017, 0.0, 0.0, 0.0, 0.0, 1.0 ], [ 0.5, -0.809017, -0.309017, 0.0, 0.809017, 0.309017, 0.5, 0.0, -0.309017, -0.5, 0.809017, 0.0, 0.0, 0.0, 0.0, 1.0 ], [ -0.309017, -0.5, 0.809017, 0.0, -0.5, 0.809017, 0.309017, 0.0, -0.809017, -0.309017, -0.5, 0.0, 0.0, 0.0, 0.0, 1.0 ], [ -0.5, -0.809017, -0.309017, 0.0, 0.809017, -0.309017, -0.5, 0.0, 0.309017, -0.5, 0.809017, 0.0, 0.0, 0.0, 0.0, 1.0 ], [ 0.309017, -0.5, 0.809017, 0.0, 0.5, 0.809017, 0.309017, 0.0, -0.809017, 0.309017, 0.5, 0.0, 0.0, 0.0, 0.0, 1.0 ], [ -0.809017, 0.309017, 0.5, 0.0, -0.309017, 0.5, -0.809017, 0.0, -0.5, -0.809017, -0.309017, 0.0, 0.0, 0.0, 0.0, 1.0 ], [ -0.5, -0.809017, 0.309017, 0.0, 0.809017, -0.309017, 0.5, 0.0, -0.309017, 0.5, 0.809017, 0.0, 0.0, 0.0, 0.0, 1.0 ], [ -0.309017, 0.5, 0.809017, 0.0, 0.5, 0.809017, -0.309017, 0.0, -0.809017, 0.309017, -0.5, 0.0, 0.0, 0.0, 0.0, 1.0 ], [ -0.809017, 0.309017, -0.5, 0.0, 0.309017, -0.5, -0.809017, 0.0, -0.5, -0.809017, 0.309017, 0.0, 0.0, 0.0, 0.0, 1.0 ], [ -0.809017, -0.309017, 0.5, 0.0, 0.309017, 0.5, 0.809017, 0.0, -0.5, 0.809017, -0.309017, 0.0, 0.0, 0.0, 0.0, 1.0 ], [ -0.5, 0.809017, -0.309017, 0.0, 0.809017, 0.309017, -0.5, 0.0, -0.309017, -0.5, -0.809017, 0.0, 0.0, 0.0, 0.0, 1.0 ], [ -0.309017, -0.5, -0.809017, 0.0, 0.5, -0.809017, 0.309017, 0.0, -0.809017, -0.309017, 0.5, 0.0, 0.0, 0.0, 0.0, 1.0 ] ],
  "lights" : {
    "directionalLights" : [ {
      "direction" : [ 1.0, -1.0, -1.0 ],
      "color" : "#EBEBE4"
    }, {
      "direction" : [ -1.0, 0.0, 0.0 ],
      "color" : "#E4E4EB"
    }, {
      "direction" : [ 0.0, 0.0, -1.0 ],
      "color" : "#1E1E1E"
    } ],
    "ambientColor" : "#292929",
    "backgroundColor" : "#AFC8DC"
  },
  "camera" : {
    "position" : {
      "x" : 0.0,
      "y" : 0.0,
      "z" : 108.73127
    },
    "width" : 48.92907,
    "nearClipDistance" : 0.27182817,
    "fieldOfView" : 0.44262886,
    "viewDistance" : 108.73127,
    "farClipDistance" : 217.46254,
    "perspective" : true,
    "lookAtPoint" : {
      "x" : 0.0,
      "y" : 0.0,
      "z" : 0.0
    },
    "lookDirection" : {
      "x" : 0.0,
      "y" : 0.0,
      "z" : -1.0
    },
    "stereo" : false,
    "upDirection" : {
      "x" : 0.0,
      "y" : 1.0,
      "z" : 0.0
    }
  },
  "embedding" : [ 1.0, 0.0, 0.0, 0.0, 0.0, 1.0, 0.0, 0.0, 0.0, 0.0, 1.0, 0.0, 0.0, 0.0, 0.0, 1.0 ],
  "shapes" : [ {
    "id" : "3b24400f-94cb-4d61-8c96-e9a2f191a123",
    "vertices" : [ {
      "x" : 0.13333334,
      "y" : 6.0331874,
      "z" : -4.7893233
    }, {
      "x" : -0.26666668,
      "y" : 6.1331873,
      "z" : -4.889323
    }, {
      "x" : -0.13333334,
      "y" : 0.46605158,
      "z" : -0.6454696
    }, {
      "x" : 0.26666668,
      "y" : 0.36605158,
      "z" : -0.5454696
    }, {
      "x" : -0.13333334,
      "y" : 5.899854,
      "z" : -5.1893234
    }, {
      "x" : 0.26666668,
      "y" : 5.7998543,
      "z" : -5.0893235
    }, {
      "x" : 0.13333334,
      "y" : 0.5993849,
      "z" : -0.2454696
    }, {
      "x" : -0.26666668,
      "y" : 0.6993849,
      "z" : -0.3454696
    } ],
    "faces" : [ {
      "vertices" : [ 2, 3, 6 ]
    }, {
      "vertices" : [ 2, 6, 7 ]
    }, {
      "vertices" : [ 0, 5, 4 ]
    }, {
      "vertices" : [ 0, 4, 1 ]
    }, {
      "vertices" : [ 2, 4, 5 ]
    }, {
      "vertices" : [ 2, 5, 3 ]
    }, {
      "vertices" : [ 0, 6, 3 ]
    }, {
      "vertices" : [ 0, 3, 5 ]
    }, {
      "vertices" : [ 0, 1, 7 ]
    }, {
      "vertices" : [ 0, 7, 6 ]
    }, {
      "vertices" : [ 1, 4, 2 ]
    }, {
      "vertices" : [ 1, 2, 7 ]
    } ]
  }, {
    "id" : "eb5fb336-6831-47b7-b100-04b1002baf7d",
    "vertices" : [ {
      "x" : 7.472136,
      "y" : 0.309017,
      "z" : 0.19098301
    }, {
      "x" : 7.472136,
      "y" : 0.309017,
      "z" : -0.19098301
    }, {
      "x" : 1.0,
      "y" : 0.309017,
      "z" : -0.19098301
    }, {
      "x" : 1.0,
      "y" : 0.309017,
      "z" : 0.19098301
    }, {
      "x" : 7.472136,
      "y" : -0.309017,
      "z" : 0.19098301
    }, {
      "x" : 1.0,
      "y" : -0.309017,
      "z" : 0.19098301
    }, {
      "x" : 1.0,
      "y" : -0.309017,
      "z" : -0.19098301
    }, {
      "x" : 7.472136,
      "y" : -0.309017,
      "z" : -0.19098301
    }, {
      "x" : 8.472136,
      "y" : 0.0,
      "z" : 0.0
    } ],
    "faces" : [ {
      "vertices" : [ 1, 7, 6 ]
    }, {
      "vertices" : [ 1, 6, 2 ]
    }, {
      "vertices" : [ 0, 1, 2 ]
    }, {
      "vertices" : [ 0, 2, 3 ]
    }, {
      "vertices" : [ 4, 5, 6 ]
    }, {
      "vertices" : [ 4, 6, 7 ]
    }, {
      "vertices" : [ 0, 3, 5 ]
    }, {
      "vertices" : [ 0, 5, 4 ]
    } ]
  }, {
    "id" : "1c9cbf0e-4ff9-443e-bc94-5d5eb8f3c8e7",
    "vertices" : [ {
      "x" : -6.499239,
      "y" : -4.236068,
      "z" : -3.922155
    }, {
      "x" : -6.499239,
      "y" : 4.236068,
      "z" : -3.922155
    }, {
      "x" : 0.0,
      "y" : 4.236068,
      "z" : -9.356948
    }, {
      "x" : 0.0,
      "y" : -4.236068,
      "z" : -9.356948
    } ],
    "faces" : [ {
      "vertices" : [ 0, 1, 2 ]
    }, {
      "vertices" : [ 0, 2, 3 ]
    }, {
      "vertices" : [ 0, 3, 2 ]
    }, {
      "vertices" : [ 0, 2, 1 ]
    } ]
  }, {
    "id" : "e4589055-96be-4cfc-a90d-f3d2f9b020c1",
    "vertices" : [ {
      "x" : -2.9444084,
      "y" : -3.7113113,
      "z" : 6.230507
    }, {
      "x" : -2.5444083,
      "y" : -3.8113112,
      "z" : 6.330507
    }, {
      "x" : -0.10007059,
      "y" : -0.52475667,
      "z" : 0.44511777
    }, {
      "x" : -0.5000706,
      "y" : -0.42475668,
      "z" : 0.34511775
    }, {
      "x" : -2.6777418,
      "y" : -4.1113114,
      "z" : 6.0971737
    }, {
      "x" : -3.0777419,
      "y" : -4.0113115,
      "z" : 5.9971733
    }, {
      "x" : -0.36673725,
      "y" : -0.12475667,
      "z" : 0.5784511
    }, {
      "x" : 0.03326275,
      "y" : -0.22475667,
      "z" : 0.6784511
    } ],
    "faces" : [ {
      "vertices" : [ 2, 3, 6 ]
    }, {
      "vertices" : [ 2, 6, 7 ]
    }, {
      "vertices" : [ 0, 5, 4 ]
    }, {
      "vertices" : [ 0, 4, 1 ]
    }, {
      "vertices" : [ 2, 4, 5 ]
    }, {
      "vertices" : [ 2, 5, 3 ]
    }, {
      "vertices" : [ 0, 6, 3 ]
    }, {
      "vertices" : [ 0, 3, 5 ]
    }, {
      "vertices" : [ 0, 1, 7 ]
    }, {
      "vertices" : [ 0, 7, 6 ]
    }, {
      "vertices" : [ 1, 4, 2 ]
    }, {
      "vertices" : [ 1, 2, 7 ]
    } ]
  }, {
    "id" : "2c90f458-8563-4426-8aa2-0c3eab71e329",
    "vertices" : [ {
      "x" : 4.6738443,
      "y" : 0.13333334,
      "z" : -6.1304283
    }, {
      "x" : 4.7738442,
      "y" : -0.26666668,
      "z" : -6.2304287
    }, {
      "x" : 0.6338057,
      "y" : -0.13333334,
      "z" : -0.4730499
    }, {
      "x" : 0.5338057,
      "y" : 0.26666668,
      "z" : -0.3730499
    }, {
      "x" : 5.0738444,
      "y" : -0.13333334,
      "z" : -5.997095
    }, {
      "x" : 4.973844,
      "y" : 0.26666668,
      "z" : -5.897095
    }, {
      "x" : 0.23380572,
      "y" : 0.13333334,
      "z" : -0.60638326
    }, {
      "x" : 0.3338057,
      "y" : -0.26666668,
      "z" : -0.7063832
    } ],
    "faces" : [ {
      "vertices" : [ 2, 3, 6 ]
    }, {
      "vertices" : [ 2, 6, 7 ]
    }, {
      "vertices" : [ 0, 5, 4 ]
    }, {
      "vertices" : [ 0, 4, 1 ]
    }, {
      "vertices" : [ 2, 4, 5 ]
    }, {
      "vertices" : [ 2, 5, 3 ]
    }, {
      "vertices" : [ 0, 6, 3 ]
    }, {
      "vertices" : [ 0, 3, 5 ]
    }, {
      "vertices" : [ 0, 1, 7 ]
    }, {
      "vertices" : [ 0, 7, 6 ]
    }, {
      "vertices" : [ 1, 4, 2 ]
    }, {
      "vertices" : [ 1, 2, 7 ]
    } ]
  }, {
    "id" : "9aab7e34-8c49-40f6-ba7d-771d0a7c9ef2",
    "vertices" : [ {
      "x" : -4.7893667,
      "y" : 6.153716,
      "z" : 0.80991745
    }, {
      "x" : -4.689367,
      "y" : 6.053716,
      "z" : 1.2099174
    }, {
      "x" : -0.51828325,
      "y" : 0.34552285,
      "z" : 0.358768
    }, {
      "x" : -0.6182833,
      "y" : 0.44552287,
      "z" : -0.041232023
    }, {
      "x" : -4.9893665,
      "y" : 5.8203826,
      "z" : 1.3432508
    }, {
      "x" : -5.089367,
      "y" : 5.920383,
      "z" : 0.9432508
    }, {
      "x" : -0.31828323,
      "y" : 0.6788562,
      "z" : -0.17456536
    }, {
      "x" : -0.21828324,
      "y" : 0.57885617,
      "z" : 0.22543465
    } ],
    "faces" : [ {
      "vertices" : [ 2, 3, 6 ]
    }, {
      "vertices" : [ 2, 6, 7 ]
    }, {
      "vertices" : [ 0, 5, 4 ]
    }, {
      "vertices" : [ 0, 4, 1 ]
    }, {
      "vertices" : [ 2, 4, 5 ]
    }, {
      "vertices" : [ 2, 5, 3 ]
    }, {
      "vertices" : [ 0, 6, 3 ]
    }, {
      "vertices" : [ 0, 3, 5 ]
    }, {
      "vertices" : [ 0, 1, 7 ]
    }, {
      "vertices" : [ 0, 7, 6 ]
    }, {
      "vertices" : [ 1, 4, 2 ]
    }, {
      "vertices" : [ 1, 2, 7 ]
    } ]
  }, {
    "id" : "41f6930f-dcad-49e8-9ba3-ea2b5ad8ccb1",
    "vertices" : [ {
      "x" : -6.053716,
      "y" : 4.689367,
      "z" : 1.2099174
    }, {
      "x" : -6.153716,
      "y" : 4.7893667,
      "z" : 0.80991745
    }, {
      "x" : -0.44552287,
      "y" : 0.6182833,
      "z" : -0.041232023
    }, {
      "x" : -0.34552285,
      "y" : 0.51828325,
      "z" : 0.358768
    }, {
      "x" : -5.920383,
      "y" : 5.089367,
      "z" : 0.9432508
    }, {
      "x" : -5.8203826,
      "y" : 4.9893665,
      "z" : 1.3432508
    }, {
      "x" : -0.57885617,
      "y" : 0.21828324,
      "z" : 0.22543465
    }, {
      "x" : -0.6788562,
      "y" : 0.31828323,
      "z" : -0.17456536
    } ],
    "faces" : [ {
      "vertices" : [ 2, 3, 6 ]
    }, {
      "vertices" : [ 2, 6, 7 ]
    }, {
      "vertices" : [ 0, 5, 4 ]
    }, {
      "vertices" : [ 0, 4, 1 ]
    }, {
      "vertices" : [ 2, 4, 5 ]
    }, {
      "vertices" : [ 2, 5, 3 ]
    }, {
      "vertices" : [ 0, 6, 3 ]
    }, {
      "vertices" : [ 0, 3, 5 ]
    }, {
      "vertices" : [ 0, 1, 7 ]
    }, {
      "vertices" : [ 0, 7, 6 ]
    }, {
      "vertices" : [ 1, 4, 2 ]
    }, {
      "vertices" : [ 1, 2, 7 ]
    } ]
  }, {
    "id" : "7ec4c6d8-4ea9-4b87-8447-56b75c4570bd",
    "vertices" : [ {
      "x" : 0.309017,
      "y" : -0.809017,
      "z" : 0.618034
    }, {
      "x" : 0.809017,
      "y" : -0.618034,
      "z" : 0.309017
    }, {
      "x" : 0.618034,
      "y" : -0.309017,
      "z" : 0.809017
    }, {
      "x" : 1.0,
      "y" : 0.309017,
      "z" : 0.19098301
    }, {
      "x" : 0.809017,
      "y" : 0.618034,
      "z" : 0.309017
    }, {
      "x" : 0.618034,
      "y" : 0.309017,
      "z" : 0.809017
    }, {
      "x" : 0.809017,
      "y" : 0.0,
      "z" : 0.690983
    }, {
      "x" : 0.19098301,
      "y" : -1.0,
      "z" : 0.309017
    }, {
      "x" : -0.19098301,
      "y" : -1.0,
      "z" : 0.309017
    }, {
      "x" : -0.19098301,
      "y" : -1.0,
      "z" : -0.309017
    }, {
      "x" : 0.19098301,
      "y" : -1.0,
      "z" : -0.309017
    }, {
      "x" : 1.0,
      "y" : -0.309017,
      "z" : -0.19098301
    }, {
      "x" : 0.809017,
      "y" : -0.618034,
      "z" : -0.309017
    }, {
      "x" : 0.618034,
      "y" : -0.309017,
      "z" : -0.809017
    }, {
      "x" : 0.809017,
      "y" : 0.0,
      "z" : -0.690983
    }, {
      "x" : 0.0,
      "y" : 0.690983,
      "z" : -0.809017
    }, {
      "x" : 0.309017,
      "y" : 0.809017,
      "z" : -0.618034
    }, {
      "x" : 0.618034,
      "y" : 0.309017,
      "z" : -0.809017
    }, {
      "x" : 0.309017,
      "y" : 0.19098301,
      "z" : -1.0
    }, {
      "x" : 1.0,
      "y" : 0.309017,
      "z" : -0.19098301
    }, {
      "x" : -0.309017,
      "y" : -0.809017,
      "z" : 0.618034
    }, {
      "x" : 0.0,
      "y" : -0.690983,
      "z" : 0.809017
    }, {
      "x" : 0.809017,
      "y" : 0.618034,
      "z" : -0.309017
    }, {
      "x" : 0.690983,
      "y" : 0.809017,
      "z" : 0.0
    }, {
      "x" : -0.690983,
      "y" : 0.809017,
      "z" : 0.0
    }, {
      "x" : -0.809017,
      "y" : 0.618034,
      "z" : 0.309017
    }, {
      "x" : -0.309017,
      "y" : 0.809017,
      "z" : 0.618034
    }, {
      "x" : -0.19098301,
      "y" : 1.0,
      "z" : 0.309017
    }, {
      "x" : 0.309017,
      "y" : -0.19098301,
      "z" : -1.0
    }, {
      "x" : 0.19098301,
      "y" : 1.0,
      "z" : 0.309017
    }, {
      "x" : 0.309017,
      "y" : 0.809017,
      "z" : 0.618034
    }, {
      "x" : -0.809017,
      "y" : -0.618034,
      "z" : 0.309017
    }, {
      "x" : -0.690983,
      "y" : -0.809017,
      "z" : 0.0
    }, {
      "x" : 0.0,
      "y" : 0.690983,
      "z" : 0.809017
    }, {
      "x" : 0.309017,
      "y" : -0.809017,
      "z" : -0.618034
    }, {
      "x" : 0.0,
      "y" : -0.690983,
      "z" : -0.809017
    }, {
      "x" : -1.0,
      "y" : 0.309017,
      "z" : 0.19098301
    }, {
      "x" : -0.809017,
      "y" : 0.0,
      "z" : 0.690983
    }, {
      "x" : -0.618034,
      "y" : 0.309017,
      "z" : 0.809017
    }, {
      "x" : 1.0,
      "y" : -0.309017,
      "z" : 0.19098301
    }, {
      "x" : -0.309017,
      "y" : -0.809017,
      "z" : -0.618034
    }, {
      "x" : -1.0,
      "y" : 0.309017,
      "z" : -0.19098301
    }, {
      "x" : -1.0,
      "y" : -0.309017,
      "z" : -0.19098301
    }, {
      "x" : -1.0,
      "y" : -0.309017,
      "z" : 0.19098301
    }, {
      "x" : 0.19098301,
      "y" : 1.0,
      "z" : -0.309017
    }, {
      "x" : -0.809017,
      "y" : 0.618034,
      "z" : -0.309017
    }, {
      "x" : -0.19098301,
      "y" : 1.0,
      "z" : -0.309017
    }, {
      "x" : -0.309017,
      "y" : 0.809017,
      "z" : -0.618034
    }, {
      "x" : -0.618034,
      "y" : -0.309017,
      "z" : 0.809017
    }, {
      "x" : 0.309017,
      "y" : 0.19098301,
      "z" : 1.0
    }, {
      "x" : -0.309017,
      "y" : 0.19098301,
      "z" : -1.0
    }, {
      "x" : -0.309017,
      "y" : 0.19098301,
      "z" : 1.0
    }, {
      "x" : -0.309017,
      "y" : -0.19098301,
      "z" : 1.0
    }, {
      "x" : 0.309017,
      "y" : -0.19098301,
      "z" : 1.0
    }, {
      "x" : 0.690983,
      "y" : -0.809017,
      "z" : 0.0
    }, {
      "x" : -0.809017,
      "y" : 0.0,
      "z" : -0.690983
    }, {
      "x" : -0.618034,
      "y" : -0.309017,
      "z" : -0.809017
    }, {
      "x" : -0.309017,
      "y" : -0.19098301,
      "z" : -1.0
    }, {
      "x" : -0.618034,
      "y" : 0.309017,
      "z" : -0.809017
    }, {
      "x" : -0.809017,
      "y" : -0.618034,
      "z" : -0.309017
    } ],
    "faces" : [ {
      "vertices" : [ 9, 40, 35 ]
    }, {
      "vertices" : [ 9, 35, 34 ]
    }, {
      "vertices" : [ 9, 34, 10 ]
    }, {
      "vertices" : [ 0, 1, 2 ]
    }, {
      "vertices" : [ 33, 51, 49 ]
    }, {
      "vertices" : [ 25, 36, 37 ]
    }, {
      "vertices" : [ 25, 37, 38 ]
    }, {
      "vertices" : [ 41, 55, 42 ]
    }, {
      "vertices" : [ 9, 32, 59 ]
    }, {
      "vertices" : [ 9, 59, 40 ]
    }, {
      "vertices" : [ 20, 21, 52 ]
    }, {
      "vertices" : [ 20, 52, 48 ]
    }, {
      "vertices" : [ 26, 33, 30 ]
    }, {
      "vertices" : [ 26, 30, 29 ]
    }, {
      "vertices" : [ 26, 29, 27 ]
    }, {
      "vertices" : [ 3, 4, 5 ]
    }, {
      "vertices" : [ 3, 5, 6 ]
    }, {
      "vertices" : [ 27, 29, 44 ]
    }, {
      "vertices" : [ 27, 44, 46 ]
    }, {
      "vertices" : [ 50, 57, 56 ]
    }, {
      "vertices" : [ 50, 56, 55 ]
    }, {
      "vertices" : [ 50, 55, 58 ]
    }, {
      "vertices" : [ 26, 38, 51 ]
    }, {
      "vertices" : [ 26, 51, 33 ]
    }, {
      "vertices" : [ 45, 47, 58 ]
    }, {
      "vertices" : [ 18, 28, 57 ]
    }, {
      "vertices" : [ 18, 57, 50 ]
    }, {
      "vertices" : [ 40, 59, 56 ]
    }, {
      "vertices" : [ 31, 48, 37 ]
    }, {
      "vertices" : [ 31, 37, 43 ]
    }, {
      "vertices" : [ 7, 8, 9 ]
    }, {
      "vertices" : [ 7, 9, 10 ]
    }, {
      "vertices" : [ 36, 41, 42 ]
    }, {
      "vertices" : [ 36, 42, 43 ]
    }, {
      "vertices" : [ 24, 46, 47 ]
    }, {
      "vertices" : [ 24, 47, 45 ]
    }, {
      "vertices" : [ 4, 30, 5 ]
    }, {
      "vertices" : [ 15, 47, 46 ]
    }, {
      "vertices" : [ 15, 46, 44 ]
    }, {
      "vertices" : [ 15, 44, 16 ]
    }, {
      "vertices" : [ 15, 50, 58 ]
    }, {
      "vertices" : [ 15, 58, 47 ]
    }, {
      "vertices" : [ 24, 45, 41 ]
    }, {
      "vertices" : [ 24, 41, 36 ]
    }, {
      "vertices" : [ 24, 36, 25 ]
    }, {
      "vertices" : [ 11, 14, 19 ]
    }, {
      "vertices" : [ 3, 6, 39 ]
    }, {
      "vertices" : [ 1, 39, 6 ]
    }, {
      "vertices" : [ 1, 6, 2 ]
    }, {
      "vertices" : [ 8, 32, 9 ]
    }, {
      "vertices" : [ 11, 12, 13 ]
    }, {
      "vertices" : [ 11, 13, 14 ]
    }, {
      "vertices" : [ 16, 22, 17 ]
    }, {
      "vertices" : [ 0, 21, 20 ]
    }, {
      "vertices" : [ 0, 20, 8 ]
    }, {
      "vertices" : [ 0, 8, 7 ]
    }, {
      "vertices" : [ 12, 34, 13 ]
    }, {
      "vertices" : [ 35, 40, 56 ]
    }, {
      "vertices" : [ 35, 56, 57 ]
    }, {
      "vertices" : [ 0, 7, 54 ]
    }, {
      "vertices" : [ 0, 54, 1 ]
    }, {
      "vertices" : [ 15, 16, 17 ]
    }, {
      "vertices" : [ 15, 17, 18 ]
    }, {
      "vertices" : [ 3, 19, 22 ]
    }, {
      "vertices" : [ 3, 22, 23 ]
    }, {
      "vertices" : [ 3, 23, 4 ]
    }, {
      "vertices" : [ 7, 10, 54 ]
    }, {
      "vertices" : [ 41, 45, 58 ]
    }, {
      "vertices" : [ 41, 58, 55 ]
    }, {
      "vertices" : [ 3, 39, 11 ]
    }, {
      "vertices" : [ 3, 11, 19 ]
    }, {
      "vertices" : [ 14, 17, 22 ]
    }, {
      "vertices" : [ 14, 22, 19 ]
    }, {
      "vertices" : [ 0, 2, 53 ]
    }, {
      "vertices" : [ 0, 53, 21 ]
    }, {
      "vertices" : [ 49, 51, 52 ]
    }, {
      "vertices" : [ 49, 52, 53 ]
    }, {
      "vertices" : [ 31, 43, 42 ]
    }, {
      "vertices" : [ 31, 42, 59 ]
    }, {
      "vertices" : [ 31, 59, 32 ]
    }, {
      "vertices" : [ 15, 18, 50 ]
    }, {
      "vertices" : [ 42, 55, 56 ]
    }, {
      "vertices" : [ 42, 56, 59 ]
    }, {
      "vertices" : [ 4, 23, 29 ]
    }, {
      "vertices" : [ 4, 29, 30 ]
    }, {
      "vertices" : [ 25, 38, 26 ]
    }, {
      "vertices" : [ 13, 28, 18 ]
    }, {
      "vertices" : [ 13, 18, 17 ]
    }, {
      "vertices" : [ 13, 17, 14 ]
    }, {
      "vertices" : [ 8, 20, 31 ]
    }, {
      "vertices" : [ 8, 31, 32 ]
    }, {
      "vertices" : [ 23, 44, 29 ]
    }, {
      "vertices" : [ 24, 27, 46 ]
    }, {
      "vertices" : [ 37, 48, 52 ]
    }, {
      "vertices" : [ 37, 52, 51 ]
    }, {
      "vertices" : [ 37, 51, 38 ]
    }, {
      "vertices" : [ 20, 48, 31 ]
    }, {
      "vertices" : [ 24, 25, 26 ]
    }, {
      "vertices" : [ 24, 26, 27 ]
    }, {
      "vertices" : [ 16, 44, 23 ]
    }, {
      "vertices" : [ 16, 23, 22 ]
    }, {
      "vertices" : [ 13, 34, 35 ]
    }, {
      "vertices" : [ 13, 35, 28 ]
    }, {
      "vertices" : [ 10, 34, 12 ]
    }, {
      "vertices" : [ 10, 12, 54 ]
    }, {
      "vertices" : [ 2, 6, 5 ]
    }, {
      "vertices" : [ 2, 5, 49 ]
    }, {
      "vertices" : [ 2, 49, 53 ]
    }, {
      "vertices" : [ 36, 43, 37 ]
    }, {
      "vertices" : [ 5, 30, 33 ]
    }, {
      "vertices" : [ 5, 33, 49 ]
    }, {
      "vertices" : [ 1, 54, 12 ]
    }, {
      "vertices" : [ 1, 12, 11 ]
    }, {
      "vertices" : [ 1, 11, 39 ]
    }, {
      "vertices" : [ 28, 35, 57 ]
    }, {
      "vertices" : [ 21, 53, 52 ]
    } ]
  }, {
    "id" : "5d3f6a34-2f7b-4081-bb15-713773d3b740",
    "vertices" : [ {
      "x" : -1.9840426,
      "y" : 1.8173759,
      "z" : -7.3901052
    }, {
      "x" : -1.8840426,
      "y" : 2.217376,
      "z" : -7.290105
    }, {
      "x" : -0.2791284,
      "y" : 0.44579506,
      "z" : -0.45420495
    }, {
      "x" : -0.3791284,
      "y" : 0.045795057,
      "z" : -0.55420494
    }, {
      "x" : -2.1840427,
      "y" : 2.3507092,
      "z" : -7.0567718
    }, {
      "x" : -2.2840426,
      "y" : 1.9507092,
      "z" : -7.1567717
    }, {
      "x" : -0.07912839,
      "y" : -0.08753828,
      "z" : -0.7875383
    }, {
      "x" : 0.02087161,
      "y" : 0.31246173,
      "z" : -0.68753827
    } ],
    "faces" : [ {
      "vertices" : [ 2, 3, 6 ]
    }, {
      "vertices" : [ 2, 6, 7 ]
    }, {
      "vertices" : [ 0, 5, 4 ]
    }, {
      "vertices" : [ 0, 4, 1 ]
    }, {
      "vertices" : [ 2, 4, 5 ]
    }, {
      "vertices" : [ 2, 5, 3 ]
    }, {
      "vertices" : [ 0, 6, 3 ]
    }, {
      "vertices" : [ 0, 3, 5 ]
    }, {
      "vertices" : [ 0, 1, 7 ]
    }, {
      "vertices" : [ 0, 7, 6 ]
    }, {
      "vertices" : [ 1, 4, 2 ]
    }, {
      "vertices" : [ 1, 2, 7 ]
    } ]
  }, {
    "id" : "e15138d3-9281-4d5e-9940-159e1e0d2069",
    "vertices" : [ {
      "x" : 0.13333334,
      "y" : 4.6738443,
      "z" : 6.1304283
    }, {
      "x" : -0.26666668,
      "y" : 4.7738442,
      "z" : 6.2304287
    }, {
      "x" : -0.13333334,
      "y" : 0.6338057,
      "z" : 0.4730499
    }, {
      "x" : 0.26666668,
      "y" : 0.5338057,
      "z" : 0.3730499
    }, {
      "x" : -0.13333334,
      "y" : 5.0738444,
      "z" : 5.997095
    }, {
      "x" : 0.26666668,
      "y" : 4.973844,
      "z" : 5.897095
    }, {
      "x" : 0.13333334,
      "y" : 0.23380572,
      "z" : 0.60638326
    }, {
      "x" : -0.26666668,
      "y" : 0.3338057,
      "z" : 0.7063832
    } ],
    "faces" : [ {
      "vertices" : [ 2, 3, 6 ]
    }, {
      "vertices" : [ 2, 6, 7 ]
    }, {
      "vertices" : [ 0, 5, 4 ]
    }, {
      "vertices" : [ 0, 4, 1 ]
    }, {
      "vertices" : [ 2, 4, 5 ]
    }, {
      "vertices" : [ 2, 5, 3 ]
    }, {
      "vertices" : [ 0, 6, 3 ]
    }, {
      "vertices" : [ 0, 3, 5 ]
    }, {
      "vertices" : [ 0, 1, 7 ]
    }, {
      "vertices" : [ 0, 7, 6 ]
    }, {
      "vertices" : [ 1, 4, 2 ]
    }, {
      "vertices" : [ 1, 2, 7 ]
    } ]
  }, {
    "id" : "050c703b-450c-46dc-aaef-deb26bdb820c",
    "vertices" : [ {
      "x" : 0.0,
      "y" : 4.236068,
      "z" : -9.356948
    }, {
      "x" : 0.0,
      "y" : 9.543718,
      "z" : -2.7534697
    }, {
      "x" : 6.499239,
      "y" : 4.236068,
      "z" : -3.922155
    } ],
    "faces" : [ {
      "vertices" : [ 0, 1, 2 ]
    }, {
      "vertices" : [ 0, 2, 1 ]
    } ]
  }, {
    "id" : "dc956d57-1dfe-4c3b-9c7c-8b249db53c36",
    "vertices" : [ {
      "x" : 0.13333334,
      "y" : 4.7893233,
      "z" : 6.0331874
    }, {
      "x" : -0.26666668,
      "y" : 4.889323,
      "z" : 6.1331873
    }, {
      "x" : -0.13333334,
      "y" : 0.6454696,
      "z" : 0.46605158
    }, {
      "x" : 0.26666668,
      "y" : 0.5454696,
      "z" : 0.36605158
    }, {
      "x" : -0.13333334,
      "y" : 5.1893234,
      "z" : 5.899854
    }, {
      "x" : 0.26666668,
      "y" : 5.0893235,
      "z" : 5.7998543
    }, {
      "x" : 0.13333334,
      "y" : 0.2454696,
      "z" : 0.5993849
    }, {
      "x" : -0.26666668,
      "y" : 0.3454696,
      "z" : 0.6993849
    } ],
    "faces" : [ {
      "vertices" : [ 2, 3, 6 ]
    }, {
      "vertices" : [ 2, 6, 7 ]
    }, {
      "vertices" : [ 0, 5, 4 ]
    }, {
      "vertices" : [ 0, 4, 1 ]
    }, {
      "vertices" : [ 2, 4, 5 ]
    }, {
      "vertices" : [ 2, 5, 3 ]
    }, {
      "vertices" : [ 0, 6, 3 ]
    }, {
      "vertices" : [ 0, 3, 5 ]
    }, {
      "vertices" : [ 0, 1, 7 ]
    }, {
      "vertices" : [ 0, 7, 6 ]
    }, {
      "vertices" : [ 1, 4, 2 ]
    }, {
      "vertices" : [ 1, 2, 7 ]
    } ]
  }, {
    "id" : "a44e3e39-dd2c-4c2e-988e-a18a8c275105",
    "vertices" : [ {
      "x" : -4.236068,
      "y" : 6.499239,
      "z" : 3.922155
    }, {
      "x" : 0.0,
      "y" : 9.543718,
      "z" : -2.7534697
    }, {
      "x" : -6.499239,
      "y" : 4.236068,
      "z" : -3.922155
    } ],
    "faces" : [ {
      "vertices" : [ 0, 1, 2 ]
    }, {
      "vertices" : [ 0, 2, 1 ]
    } ]
  }, {
    "id" : "315123ba-ec8e-4c36-b9d7-a951229f7d76",
    "vertices" : [ {
      "x" : 6.499239,
      "y" : -4.236068,
      "z" : -3.922155
    }, {
      "x" : 0.0,
      "y" : -4.236068,
      "z" : -9.356948
    }, {
      "x" : 0.0,
      "y" : 4.236068,
      "z" : -9.356948
    }, {
      "x" : 6.499239,
      "y" : 4.236068,
      "z" : -3.922155
    } ],
    "faces" : [ {
      "vertices" : [ 0, 1, 2 ]
    }, {
      "vertices" : [ 0, 2, 3 ]
    }, {
      "vertices" : [ 0, 3, 2 ]
    }, {
      "vertices" : [ 0, 2, 1 ]
    } ]
  }, {
    "id" : "b415bdff-37f2-40be-9c77-f58592d1d86b",
    "vertices" : [ {
      "x" : -4.236068,
      "y" : -6.499239,
      "z" : 3.922155
    }, {
      "x" : -6.499239,
      "y" : -4.236068,
      "z" : -3.922155
    }, {
      "x" : 0.0,
      "y" : -9.543718,
      "z" : -2.7534697
    } ],
    "faces" : [ {
      "vertices" : [ 0, 1, 2 ]
    }, {
      "vertices" : [ 0, 2, 1 ]
    } ]
  }, {
    "id" : "2747029c-3b00-4927-b3c7-5f91602544bb",
    "vertices" : [ {
      "x" : 3.7113113,
      "y" : 2.9444084,
      "z" : -6.230507
    }, {
      "x" : 3.8113112,
      "y" : 2.5444083,
      "z" : -6.330507
    }, {
      "x" : 0.52475667,
      "y" : 0.10007059,
      "z" : -0.44511777
    }, {
      "x" : 0.42475668,
      "y" : 0.5000706,
      "z" : -0.34511775
    }, {
      "x" : 4.1113114,
      "y" : 2.6777418,
      "z" : -6.0971737
    }, {
      "x" : 4.0113115,
      "y" : 3.0777419,
      "z" : -5.9971733
    }, {
      "x" : 0.12475667,
      "y" : 0.36673725,
      "z" : -0.5784511
    }, {
      "x" : 0.22475667,
      "y" : -0.03326275,
      "z" : -0.6784511
    } ],
    "faces" : [ {
      "vertices" : [ 2, 3, 6 ]
    }, {
      "vertices" : [ 2, 6, 7 ]
    }, {
      "vertices" : [ 0, 5, 4 ]
    }, {
      "vertices" : [ 0, 4, 1 ]
    }, {
      "vertices" : [ 2, 4, 5 ]
    }, {
      "vertices" : [ 2, 5, 3 ]
    }, {
      "vertices" : [ 0, 6, 3 ]
    }, {
      "vertices" : [ 0, 3, 5 ]
    }, {
      "vertices" : [ 0, 1, 7 ]
    }, {
      "vertices" : [ 0, 7, 6 ]
    }, {
      "vertices" : [ 1, 4, 2 ]
    }, {
      "vertices" : [ 1, 2, 7 ]
    } ]
  }, {
    "id" : "b87f0ec8-70f2-4f85-9109-8896165cd979",
    "vertices" : [ {
      "x" : 0.0,
      "y" : 4.236068,
      "z" : -9.356948
    }, {
      "x" : -6.499239,
      "y" : 4.236068,
      "z" : -3.922155
    }, {
      "x" : 0.0,
      "y" : 9.543718,
      "z" : -2.7534697
    } ],
    "faces" : [ {
      "vertices" : [ 0, 1, 2 ]
    }, {
      "vertices" : [ 0, 2, 1 ]
    } ]
  }, {
    "id" : "5e6d5456-ee33-48b7-b343-7e7311719c55",
    "vertices" : [ {
      "x" : -4.236068,
      "y" : -6.499239,
      "z" : 3.922155
    }, {
      "x" : -4.236068,
      "y" : 0.0,
      "z" : 9.356948
    }, {
      "x" : -9.543718,
      "y" : 0.0,
      "z" : 2.7534697
    } ],
    "faces" : [ {
      "vertices" : [ 0, 1, 2 ]
    }, {
      "vertices" : [ 0, 2, 1 ]
    } ]
  }, {
    "id" : "c0df4068-607e-4b3d-a4eb-824b4227339d",
    "vertices" : [ {
      "x" : 4.236068,
      "y" : 6.499239,
      "z" : 3.922155
    }, {
      "x" : 4.236068,
      "y" : 0.0,
      "z" : 9.356948
    }, {
      "x" : 9.543718,
      "y" : 0.0,
      "z" : 2.7534697
    } ],
    "faces" : [ {
      "vertices" : [ 0, 1, 2 ]
    }, {
      "vertices" : [ 0, 2, 1 ]
    } ]
  }, {
    "id" : "bf55a661-1ce0-439e-8c78-30cf9e211ca6",
    "vertices" : [ {
      "x" : 6.499239,
      "y" : -4.236068,
      "z" : -3.922155
    }, {
      "x" : 6.499239,
      "y" : 4.236068,
      "z" : -3.922155
    }, {
      "x" : 9.543718,
      "y" : 0.0,
      "z" : 2.7534697
    } ],
    "faces" : [ {
      "vertices" : [ 0, 1, 2 ]
    }, {
      "vertices" : [ 0, 2, 1 ]
    } ]
  }, {
    "id" : "582f1777-1bcb-4073-97d7-269e60aa1110",
    "vertices" : [ {
      "x" : 6.499239,
      "y" : -4.236068,
      "z" : -3.922155
    }, {
      "x" : 4.236068,
      "y" : -6.499239,
      "z" : 3.922155
    }, {
      "x" : 0.0,
      "y" : -9.543718,
      "z" : -2.7534697
    } ],
    "faces" : [ {
      "vertices" : [ 0, 1, 2 ]
    }, {
      "vertices" : [ 0, 2, 1 ]
    } ]
  }, {
    "id" : "326c80f7-f4b9-4ed4-b7b1-ce40c04ba8cb",
    "vertices" : [ {
      "x" : 4.236068,
      "y" : 6.499239,
      "z" : 3.922155
    }, {
      "x" : 6.499239,
      "y" : 4.236068,
      "z" : -3.922155
    }, {
      "x" : 0.0,
      "y" : 9.543718,
      "z" : -2.7534697
    } ],
    "faces" : [ {
      "vertices" : [ 0, 1, 2 ]
    }, {
      "vertices" : [ 0, 2, 1 ]
    } ]
  }, {
    "id" : "a50fe8e8-afda-427f-8c6c-f1636173a107",
    "vertices" : [ {
      "x" : -4.236068,
      "y" : 0.0,
      "z" : 9.356948
    }, {
      "x" : 4.236068,
      "y" : 0.0,
      "z" : 9.356948
    }, {
      "x" : 4.236068,
      "y" : 6.499239,
      "z" : 3.922155
    }, {
      "x" : -4.236068,
      "y" : 6.499239,
      "z" : 3.922155
    } ],
    "faces" : [ {
      "vertices" : [ 0, 1, 2 ]
    }, {
      "vertices" : [ 0, 2, 3 ]
    }, {
      "vertices" : [ 0, 3, 2 ]
    }, {
      "vertices" : [ 0, 2, 1 ]
    } ]
  }, {
    "id" : "6a8126bf-a8b4-4e68-9172-a836efda6170",
    "vertices" : [ {
      "x" : 4.236068,
      "y" : 6.499239,
      "z" : 3.922155
    }, {
      "x" : 0.0,
      "y" : 9.543718,
      "z" : -2.7534697
    }, {
      "x" : -4.236068,
      "y" : 6.499239,
      "z" : 3.922155
    } ],
    "faces" : [ {
      "vertices" : [ 0, 1, 2 ]
    }, {
      "vertices" : [ 0, 2, 1 ]
    } ]
  }, {
    "id" : "ee7f9a8e-6066-497a-ab87-833060b2cf50",
    "vertices" : [ {
      "x" : 6.499239,
      "y" : -4.236068,
      "z" : -3.922155
    }, {
      "x" : 9.543718,
      "y" : 0.0,
      "z" : 2.7534697
    }, {
      "x" : 4.236068,
      "y" : -6.499239,
      "z" : 3.922155
    } ],
    "faces" : [ {
      "vertices" : [ 0, 1, 2 ]
    }, {
      "vertices" : [ 0, 2, 1 ]
    } ]
  }, {
    "id" : "25d7f2d1-b498-42fe-9d1f-50dd5200ac58",
    "vertices" : [ {
      "x" : 4.236068,
      "y" : -6.499239,
      "z" : 3.922155
    }, {
      "x" : 9.543718,
      "y" : 0.0,
      "z" : 2.7534697
    }, {
      "x" : 4.236068,
      "y" : 0.0,
      "z" : 9.356948
    } ],
    "faces" : [ {
      "vertices" : [ 0, 1, 2 ]
    }, {
      "vertices" : [ 0, 2, 1 ]
    } ]
  }, {
    "id" : "d9269de0-b809-4a15-bae5-374f153845a6",
    "vertices" : [ {
      "x" : -4.236068,
      "y" : -6.499239,
      "z" : 3.922155
    }, {
      "x" : 0.0,
      "y" : -9.543718,
      "z" : -2.7534697
    }, {
      "x" : 4.236068,
      "y" : -6.499239,
      "z" : 3.922155
    } ],
    "faces" : [ {
      "vertices" : [ 0, 1, 2 ]
    }, {
      "vertices" : [ 0, 2, 1 ]
    } ]
  }, {
    "id" : "1ea82bb3-a0e8-4b40-a4bf-b2a72621e68e",
    "vertices" : [ {
      "x" : -6.499239,
      "y" : -4.236068,
      "z" : -3.922155
    }, {
      "x" : 0.0,
      "y" : -4.236068,
      "z" : -9.356948
    }, {
      "x" : 0.0,
      "y" : -9.543718,
      "z" : -2.7534697
    } ],
    "faces" : [ {
      "vertices" : [ 0, 1, 2 ]
    }, {
      "vertices" : [ 0, 2, 1 ]
    } ]
  }, {
    "id" : "7c0402c0-f842-409b-ac74-92bd77cf9dce",
    "vertices" : [ {
      "x" : -4.236068,
      "y" : -6.499239,
      "z" : 3.922155
    }, {
      "x" : -9.543718,
      "y" : 0.0,
      "z" : 2.7534697
    }, {
      "x" : -6.499239,
      "y" : -4.236068,
      "z" : -3.922155
    } ],
    "faces" : [ {
      "vertices" : [ 0, 1, 2 ]
    }, {
      "vertices" : [ 0, 2, 1 ]
    } ]
  }, {
    "id" : "fa197037-ea0f-4def-833a-a54d034162ed",
    "vertices" : [ {
      "x" : 4.236068,
      "y" : 6.499239,
      "z" : 3.922155
    }, {
      "x" : 9.543718,
      "y" : 0.0,
      "z" : 2.7534697
    }, {
      "x" : 6.499239,
      "y" : 4.236068,
      "z" : -3.922155
    } ],
    "faces" : [ {
      "vertices" : [ 0, 1, 2 ]
    }, {
      "vertices" : [ 0, 2, 1 ]
    } ]
  }, {
    "id" : "c7d92699-48c0-453b-b4df-6a73b6d98c42",
    "vertices" : [ {
      "x" : -4.236068,
      "y" : 0.0,
      "z" : 9.356948
    }, {
      "x" : -4.236068,
      "y" : 6.499239,
      "z" : 3.922155
    }, {
      "x" : -9.543718,
      "y" : 0.0,
      "z" : 2.7534697
    } ],
    "faces" : [ {
      "vertices" : [ 0, 1, 2 ]
    }, {
      "vertices" : [ 0, 2, 1 ]
    } ]
  }, {
    "id" : "690835d9-c534-4548-b9c6-0911a828cc29",
    "vertices" : [ {
      "x" : -6.499239,
      "y" : -4.236068,
      "z" : -3.922155
    }, {
      "x" : -9.543718,
      "y" : 0.0,
      "z" : 2.7534697
    }, {
      "x" : -6.499239,
      "y" : 4.236068,
      "z" : -3.922155
    } ],
    "faces" : [ {
      "vertices" : [ 0, 1, 2 ]
    }, {
      "vertices" : [ 0, 2, 1 ]
    } ]
  }, {
    "id" : "90f2c579-f9bd-4f58-95ef-e618190fbabb",
    "vertices" : [ {
      "x" : -4.236068,
      "y" : 6.499239,
      "z" : 3.922155
    }, {
      "x" : -6.499239,
      "y" : 4.236068,
      "z" : -3.922155
    }, {
      "x" : -9.543718,
      "y" : 0.0,
      "z" : 2.7534697
    } ],
    "faces" : [ {
      "vertices" : [ 0, 1, 2 ]
    }, {
      "vertices" : [ 0, 2, 1 ]
    } ]
  }, {
    "id" : "389893ae-bdbb-4ebd-91c2-664fc51f898b",
    "vertices" : [ {
      "x" : 6.499239,
      "y" : -4.236068,
      "z" : -3.922155
    }, {
      "x" : 0.0,
      "y" : -9.543718,
      "z" : -2.7534697
    }, {
      "x" : 0.0,
      "y" : -4.236068,
      "z" : -9.356948
    } ],
    "faces" : [ {
      "vertices" : [ 0, 1, 2 ]
    }, {
      "vertices" : [ 0, 2, 1 ]
    } ]
  }, {
    "id" : "4947c3d9-2bd7-4640-863e-2e5b7fbdd177",
    "vertices" : [ {
      "x" : -4.236068,
      "y" : -6.499239,
      "z" : 3.922155
    }, {
      "x" : 4.236068,
      "y" : -6.499239,
      "z" : 3.922155
    }, {
      "x" : 4.236068,
      "y" : 0.0,
      "z" : 9.356948
    }, {
      "x" : -4.236068,
      "y" : 0.0,
      "z" : 9.356948
    } ],
    "faces" : [ {
      "vertices" : [ 0, 1, 2 ]
    }, {
      "vertices" : [ 0, 2, 3 ]
    }, {
      "vertices" : [ 0, 3, 2 ]
    }, {
      "vertices" : [ 0, 2, 1 ]
    } ]
  }, {
    "id" : "d9d2a3f5-30c5-496e-a0d2-3486711d2a3b",
    "vertices" : [ {
      "x" : -4.236068,
      "y" : -6.499239,
      "z" : 3.922155
    }, {
      "x" : -9.543718,
      "y" : 0.0,
      "z" : 2.7534697
    }, {
      "x" : -6.499239,
      "y" : -4.236068,
      "z" : -3.922155
    } ],
    "faces" : [ {
      "vertices" : [ 0, 1, 2 ]
    }, {
      "vertices" : [ 0, 2, 1 ]
    } ]
  }, {
    "id" : "1e5a3ab2-f4cc-4ca0-aa72-9d1db0819711",
    "vertices" : [ {
      "x" : 4.236068,
      "y" : 6.499239,
      "z" : 3.922155
    }, {
      "x" : 9.543718,
      "y" : 0.0,
      "z" : 2.7534697
    }, {
      "x" : 6.499239,
      "y" : 4.236068,
      "z" : -3.922155
    } ],
    "faces" : [ {
