{
  "field": "polygon12",
  "symmetry": "octahedral",
  "orientations": [
    [
      1,
      0,
      0,
      0,
      0,
      1,
      0,
      0,
      0,
      0,
      1,
      0,
      0,
      0,
      0,
      1
    ],
    [
      1,
      0,
      0,
      0,
      0,
      0,
      1,
      0,
      0,
      -1,
      0,
      0,
      0,
      0,
      0,
      1
    ],
    [
      1,
      0,
      0,
      0,
      0,
      -1,
      0,
      0,
      0,
      0,
      -1,
      0,
      0,
      0,
      0,
      1
    ],
    [
      1,
      0,
      0,
      0,
      0,
      0,
      -1,
      0,
      0,
      1,
      0,
      0,
      0,
      0,
      0,
      1
    ],
    [
      0,
      1,
      0,
      0,
      0,
      0,
      1,
      0,
      1,
      0,
      0,
      0,
      0,
      0,
      0,
      1
    ],
    [
      0,
      1,
      0,
      0,
      1,
      0,
      0,
      0,
      0,
      0,
      -1,
      0,
      0,
      0,
      0,
      1
    ],
    [
      0,
      1,
      0,
      0,
      0,
      0,
      -1,
      0,
      -1,
      0,
      0,
      0,
      0,
      0,
      0,
      1
    ],
    [
      0,
      1,
      0,
      0,
      -1,
      0,
      0,
      0,
      0,
      0,
      1,
      0,
      0,
      0,
      0,
      1
    ],
    [
      0,
      0,
      1,
      0,
      1,
      0,
      0,
      0,
      0,
      1,
      0,
      0,
      0,
      0,
      0,
      1
    ],
    [
      0,
      0,
      1,
      0,
      0,
      1,
      0,
      0,
      -1,
      0,
      0,
      0,
      0,
      0,
      0,
      1
    ],
    [
      0,
      0,
      1,
      0,
      -1,
      0,
      0,
      0,
      0,
      -1,
      0,
      0,
      0,
      0,
      0,
      1
    ],
    [
      0,
      0,
      1,
      0,
      0,
      -1,
      0,
      0,
      1,
      0,
      0,
      0,
      0,
      0,
      0,
      1
    ],
    [
      -1,
      0,
      0,
      0,
      0,
      -1,
      0,
      0,
      0,
      0,
      1,
      0,
      0,
      0,
      0,
      1
    ],
    [
      -1,
      0,
      0,
      0,
      0,
      0,
      1,
      0,
      0,
      1,
      0,
      0,
      0,
      0,
      0,
      1
    ],
    [
      -1,
      0,
      0,
      0,
      0,
      1,
      0,
      0,
      0,
      0,
      -1,
      0,
      0,
      0,
      0,
      1
    ],
    [
      -1,
      0,
      0,
      0,
      0,
      0,
      -1,
      0,
      0,
      -1,
      0,
      0,
      0,
      0,
      0,
      1
    ],
    [
      0,
      -1,
      0,
      0,
      0,
      0,
      -1,
      0,
      1,
      0,
      0,
      0,
      0,
      0,
      0,
      1
    ],
    [
      0,
      -1,
      0,
      0,
      1,
      0,
      0,
      0,
      0,
      0,
      1,
      0,
      0,
      0,
      0,
      1
    ],
    [
      0,
      -1,
      0,
      0,
      0,
      0,
      1,
      0,
      -1,
      0,
      0,
      0,
      0,
      0,
      0,
      1
    ],
    [
      0,
      -1,
      0,
      0,
      -1,
      0,
      0,
      0,
      0,
      0,
      -1,
      0,
      0,
      0,
      0,
      1
    ],
    [
      0,
      0,
      -1,
      0,
      -1,
      0,
      0,
      0,
      0,
      1,
      0,
      0,
      0,
      0,
      0,
      1
    ],
    [
      0,
      0,
      -1,
      0,
      0,
      1,
      0,
      0,
      1,
      0,
      0,
      0,
      0,
      0,
      0,
      1
    ],
    [
      0,
      0,
      -1,
      0,
      1,
      0,
      0,
      0,
      0,
      -1,
      0,
      0,
      0,
      0,
      0,
      1
    ],
    [
      0,
      0,
      -1,
      0,
      0,
      -1,
      0,
      0,
      -1,
      0,
      0,
      0,
      0,
      0,
      0,
      1
    ]
  ],
  "lights": {
    "directionalLights": [
      {
        "direction": [
          1,
          -1,
          -1
        ],
        "color": "#EBEBE4"
      },
      {
        "direction": [
          -1,
          0,
          0
        ],
        "color": "#E4E4EB"
      },
      {
        "direction": [
          0,
          0,
          -1
        ],
        "color": "#1E1E1E"
      }
    ],
    "backgroundColor": "#AFC8DC",
    "ambientColor": "#292929"
  },
  "camera": {
    "position": {
      "x": 0,
      "y": 0,
      "z": 10
    },
    "nearClipDistance": 0.025,
    "perspective": true,
    "width": 4.5,
    "fieldOfView": 4.4,
    "lookAtPoint": {
      "x": 0,
      "y": 0,
      "z": 0
    },
    "viewDistance": 10,
    "farClipDistance": 20,
    "lookDirection": {
      "x": 0,
      "y": 0,
      "z": -1
    },
    "upDirection": {
      "x": 0,
      "y": 1,
      "z": 0
    },
    "stereo": false
  },
  "embedding": [
    1,
    0,
    0,
    0,
    0,
    1,
    0,
    0,
    0,
    0,
    1,
    0,
    0,
    0,
    0,
    1
  ],
  "shapes": [
    {
      "id": "d675303d-f4f2-4d48-b1cd-cb3e0a8ce1fb",
      "vertices": [
        {
          "x": 1.04875479,
          "y": -0.365458747,
          "z": 1.04875479
        },
        {
          "x": 1.04875479,
          "y": 1.04875479,
          "z": -0.365458747
        },
        {
          "x": -0.365458747,
          "y": 1.04875479,
          "z": 1.04875479
        }
      ],
      "faces": [
        {
          "vertices": [
            0,
            1,
            2
          ]
        },
        {
          "vertices": [
            0,
            2,
            1
          ]
        }
      ]
    },
    {
      "id": "71402482-5ffc-4731-ba9c-7a5565e6caa8",
      "vertices": [
        {
          "x": 1.04875479,
          "y": 1.04875479,
          "z": -0.365458747
        },
        {
          "x": -0.105945745,
          "y": -0.105945745,
          "z": -1.520159263
        },
        {
          "x": -0.813052553,
          "y": 1.626105106,
          "z": -0.813052553
        }
      ],
      "faces": [
        {
          "vertices": [
            0,
            1,
            2
          ]
        },
        {
          "vertices": [
            0,
            2,
            1
          ]
        }
      ]
    },
    {
      "id": "b7d84929-c5f7-467e-89c9-f804df67814e",
      "vertices": [
        {
          "x": 1.329214182,
          "y": 0.026153657,
          "z": 1.276906825
        },
        {
          "x": 1.348829404,
          "y": -0.052307314,
          "z": 1.296522047
        },
        {
          "x": 0.084999382,
          "y": -0.026153657,
          "z": 0.137306692
        },
        {
          "x": 0.06538414,
          "y": 0.052307314,
          "z": 0.11769145
        },
        {
          "x": 1.303060455,
          "y": -0.026153657,
          "z": 1.355367812
        },
        {
          "x": 1.283445272,
          "y": 0.052307314,
          "z": 1.33575259
        },
        {
          "x": 0.111153035,
          "y": 0.026153657,
          "z": 0.058845725
        },
        {
          "x": 0.130768285,
          "y": -0.052307314,
          "z": 0.078460967
        }
      ],
      "faces": [
        {
          "vertices": [
            2,
            3,
            6
          ]
        },
        {
          "vertices": [
            2,
            6,
            7
          ]
        },
        {
          "vertices": [
            0,
            5,
            4
          ]
        },
        {
          "vertices": [
            0,
            4,
            1
          ]
        },
        {
          "vertices": [
            2,
            4,
            5
          ]
        },
        {
          "vertices": [
            2,
            5,
            3
          ]
        },
        {
          "vertices": [
            0,
            6,
            3
          ]
        },
        {
          "vertices": [
            0,
            3,
            5
          ]
        },
        {
          "vertices": [
            0,
            1,
            7
          ]
        },
        {
          "vertices": [
            0,
            7,
            6
          ]
        },
        {
          "vertices": [
            1,
            4,
            2
          ]
        },
        {
          "vertices": [
            1,
            2,
            7
          ]
        }
      ]
    },
    {
      "id": "d8f8024f-3a05-446d-b900-751b920ecd43",
      "vertices": [
        {
          "x": 0.105117766,
          "y": 0,
          "z": 0
        },
        {
          "x": -0.105117766,
          "y": 0,
          "z": 0
        },
        {
          "x": 0,
          "y": 0.105117766,
          "z": 0
        },
        {
          "x": 0,
          "y": -0.105117766,
          "z": 0
        },
        {
          "x": 0,
          "y": 0,
          "z": 0.105117766
        },
        {
          "x": 0,
          "y": 0,
          "z": -0.105117766
        }
      ],
      "faces": [
        {
          "vertices": [
            0,
            2,
            4
          ]
        },
        {
          "vertices": [
            0,
            5,
            2
          ]
        },
        {
          "vertices": [
            0,
            4,
            3
          ]
        },
        {
          "vertices": [
            1,
            4,
            2
          ]
        },
        {
          "vertices": [
            0,
            3,
            5
          ]
        },
        {
          "vertices": [
            1,
            2,
            5
          ]
        },
        {
          "vertices": [
            1,
            3,
            4
          ]
        },
        {
          "vertices": [
            1,
            5,
            3
          ]
        }
      ]
    },
    {
      "id": "57eccfa2-65cc-469c-bbe5-edebd7e052e2",
      "vertices": [
        {
          "x": 0.642000192,
          "y": -0.609308096,
          "z": -1.653312231
        },
        {
          "x": 0.62238495,
          "y": -0.687769082,
          "z": -1.633696989
        },
        {
          "x": 0.065106589,
          "y": -0.097798657,
          "z": -0.078738515
        },
        {
          "x": 0.084721828,
          "y": -0.019337691,
          "z": -0.098353754
        },
        {
          "x": 0.681230675,
          "y": -0.713922712,
          "z": -1.587928157
        },
        {
          "x": 0.700845897,
          "y": -0.635461765,
          "z": -1.607543203
        },
        {
          "x": 0.025876105,
          "y": 0.006815965,
          "z": -0.144122655
        },
        {
          "x": 0.006260863,
          "y": -0.071645004,
          "z": -0.124507413
        }
      ],
      "faces": [
        {
          "vertices": [
            2,
            3,
            6
          ]
        },
        {
          "vertices": [
            2,
            6,
            7
          ]
        },
        {
          "vertices": [
            0,
            5,
            4
          ]
        },
        {
          "vertices": [
            0,
            4,
            1
          ]
        },
        {
          "vertices": [
            2,
            4,
            5
          ]
        },
        {
          "vertices": [
            2,
            5,
            3
          ]
        },
        {
          "vertices": [
            0,
            6,
            3
          ]
        },
        {
          "vertices": [
            0,
            3,
            5
          ]
        },
        {
          "vertices": [
            0,
            1,
            7
          ]
        },
        {
          "vertices": [
            0,
            7,
            6
          ]
        },
        {
          "vertices": [
            1,
            4,
            2
          ]
        },
        {
          "vertices": [
            1,
            2,
            7
          ]
        }
      ]
    },
    {
      "id": "c19f46cd-fe29-4466-ab9c-c7507e2f979b",
      "vertices": [
        {
          "x": 1.04875479,
          "y": -0.365458747,
          "z": 1.04875479
        },
        {
          "x": -0.105945745,
          "y": -1.520159263,
          "z": -0.105945745
        },
        {
          "x": 1.626105106,
          "y": -0.813052553,
          "z": -0.813052553
        }
      ],
      "faces": [
        {
          "vertices": [
            0,
            1,
            2
          ]
        },
        {
          "vertices": [
            0,
            2,
            1
          ]
        }
      ]
    },
    {
      "id": "8a0a1e0d-562e-4d6b-a46f-5d015ed13bab",
      "vertices": [
        {
          "x": 1.04875479,
          "y": -0.365458747,
          "z": 1.04875479
        },
        {
          "x": 1.626105106,
          "y": -0.813052553,
          "z": -0.813052553
        },
        {
          "x": 1.04875479,
          "y": 1.04875479,
          "z": -0.365458747
        }
      ],
      "faces": [
        {
          "vertices": [
            0,
            1,
            2
          ]
        },
        {
          "vertices": [
            0,
            2,
            1
          ]
        }
      ]
    },
    {
      "id": "1734b3ef-aaff-4d2f-9791-8d200c037ff0",
      "vertices": [
        {
          "x": 1.04875479,
          "y": 1.04875479,
          "z": -0.365458747
        },
        {
          "x": 1.626105106,
          "y": -0.813052553,
          "z": -0.813052553
        },
        {
          "x": -0.105945745,
          "y": -0.105945745,
          "z": -1.520159263
        }
      ],
      "faces": [
        {
          "vertices": [
            0,
            1,
            2
          ]
        },
        {
          "vertices": [
            0,
            2,
            1
          ]
        }
      ]
    },
    {
      "id": "ddb5abb3-2325-4471-b37e-a0aca172ebad",
      "vertices": [
        {
          "x": 1.04875479,
          "y": 1.04875479,
          "z": -0.365458747
        },
        {
          "x": -0.813052553,
          "y": 1.626105106,
          "z": -0.813052553
        },
        {
          "x": -0.365458747,
          "y": 1.04875479,
          "z": 1.04875479
        }
      ],
      "faces": [
        {
          "vertices": [
            0,
            1,
            2
          ]
        },
        {
          "vertices": [
            0,
            2,
            1
          ]
        }
      ]
    },
    {
      "id": "fad7b2d1-6448-44a7-b610-c15022796e39",
      "vertices": [
        {
          "x": 0.444325612,
          "y": 1.752501408,
          "z": -0.500168675
        },
        {
          "x": 0.365864665,
          "y": 1.772116846,
          "z": -0.519783898
        },
        {
          "x": 0.003268119,
          "y": 0.109305738,
          "z": -0.077181569
        },
        {
          "x": 0.081729082,
          "y": 0.0896905,
          "z": -0.057566329
        },
        {
          "x": 0.392018314,
          "y": 1.726347818,
          "z": -0.578629662
        },
        {
          "x": 0.470479281,
          "y": 1.706732773,
          "z": -0.559014381
        },
        {
          "x": 0.055575433,
          "y": 0.135459393,
          "z": 0.001279397
        },
        {
          "x": -0.022885536,
          "y": 0.155074641,
          "z": -0.018335845
        }
      ],
      "faces": [
        {
          "vertices": [
            2,
            3,
            6
          ]
        },
        {
          "vertices": [
            2,
            6,
            7
          ]
        },
        {
          "vertices": [
            0,
            5,
            4
          ]
        },
        {
          "vertices": [
            0,
            4,
            1
          ]
        },
        {
          "vertices": [
            2,
            4,
            5
          ]
        },
        {
          "vertices": [
            2,
            5,
            3
          ]
        },
        {
          "vertices": [
            0,
            6,
            3
          ]
        },
        {
          "vertices": [
            0,
            3,
            5
          ]
        },
        {
          "vertices": [
            0,
            1,
            7
          ]
        },
        {
          "vertices": [
            0,
            7,
            6
          ]
        },
        {
          "vertices": [
            1,
            4,
            2
          ]
        },
        {
          "vertices": [
            1,
            2,
            7
          ]
        }
      ]
    },
    {
      "id": "47325a65-90b6-49bf-b494-67632cc1e490",
      "vertices": [
        {
          "x": 1.108931605,
          "y": 1.056624228,
          "z": 1.023932231
        },
        {
          "x": 1.089316363,
          "y": 1.037009046,
          "z": 1.102393256
        },
        {
          "x": 0.045768897,
          "y": 0.098076209,
          "z": 0.130768285
        },
        {
          "x": 0.06538414,
          "y": 0.11769145,
          "z": 0.052307314
        },
        {
          "x": 1.043547453,
          "y": 1.09585481,
          "z": 1.128546847
        },
        {
          "x": 1.063162675,
          "y": 1.115470032,
          "z": 1.05008588
        },
        {
          "x": 0.111153035,
          "y": 0.058845725,
          "z": 0.026153657
        },
        {
          "x": 0.091537795,
          "y": 0.039230483,
          "z": 0.104614628
        }
      ],
      "faces": [
        {
          "vertices": [
            2,
            3,
            6
          ]
        },
        {
          "vertices": [
            2,
            6,
            7
          ]
        },
        {
          "vertices": [
            0,
            5,
            4
          ]
        },
        {
          "vertices": [
            0,
            4,
            1
          ]
        },
        {
          "vertices": [
            2,
            4,
            5
          ]
        },
        {
          "vertices": [
            2,
            5,
            3
          ]
        },
        {
          "vertices": [
            0,
            6,
            3
          ]
        },
        {
          "vertices": [
            0,
            3,
            5
          ]
        },
        {
          "vertices": [
            0,
            1,
            7
          ]
        },
        {
          "vertices": [
            0,
            7,
            6
          ]
        },
        {
          "vertices": [
            1,
            4,
            2
          ]
        },
        {
          "vertices": [
            1,
            2,
            7
          ]
        }
      ]
    },
    {
      "id": "9fc915b1-df7e-4c45-b46e-f039daac5bde",
      "vertices": [
        {
          "x": -0.105945745,
          "y": -1.520159263,
          "z": -0.105945745
        },
        {
          "x": -1.520159263,
          "y": -0.105945745,
          "z": -0.105945745
        },
        {
          "x": -0.105945745,
          "y": -0.105945745,
          "z": -1.520159263
        }
      ],
      "faces": [
        {
          "vertices": [
            0,
            1,
            2
          ]
        },
        {
          "vertices": [
            0,
            2,
            1
          ]
        }
      ]
    },
    {
      "id": "4e88ffee-a29a-4ce7-b4fb-4b12337b9e4f",
      "vertices": [
        {
          "x": -0.365458747,
          "y": 1.04875479,
          "z": 1.04875479
        },
        {
          "x": -0.813052553,
          "y": 1.626105106,
          "z": -0.813052553
        },
        {
          "x": -1.520159263,
          "y": -0.105945745,
          "z": -0.105945745
        }
      ],
      "faces": [
        {
          "vertices": [
            0,
            1,
            2
          ]
        },
        {
          "vertices": [
            0,
            2,
            1
          ]
        }
      ]
    },
    {
      "id": "8abea2e9-be86-4f08-97f0-16c441e82762",
      "vertices": [
        {
          "x": -0.105945745,
          "y": -1.520159263,
          "z": -0.105945745
        },
        {
          "x": 1.04875479,
          "y": -0.365458747,
          "z": 1.04875479
        },
        {
          "x": -0.365458747,
          "y": 1.04875479,
          "z": 1.04875479
        },
        {
          "x": -1.520159263,
          "y": -0.105945745,
          "z": -0.105945745
        }
      ],
      "faces": [
        {
          "vertices": [
            0,
            1,
            2
          ]
        },
        {
          "vertices": [
            0,
            2,
            3
          ]
        },
        {
          "vertices": [
            0,
            3,
            2
          ]
        },
        {
          "vertices": [
            0,
            2,
            1
          ]
        }
      ]
    },
    {
      "id": "483b951d-3fb0-464c-84ec-7053beed0926",
      "vertices": [
        {
          "x": -0.105945745,
          "y": -1.520159263,
          "z": -0.105945745
        },
        {
          "x": -0.105945745,
          "y": -0.105945745,
          "z": -1.520159263
        },
        {
          "x": 1.626105106,
          "y": -0.813052553,
          "z": -0.813052553
        }
      ],
      "faces": [
        {
          "vertices": [
            0,
            1,
            2
          ]
        },
        {
          "vertices": [
            0,
            2,
            1
          ]
        }
      ]
    },
    {
      "id": "f74f6560-9f27-480e-9699-23d520b03670",
      "vertices": [
        {
          "x": -0.105945745,
          "y": -0.105945745,
          "z": -1.520159263
        },
        {
          "x": -1.520159263,
          "y": -0.105945745,
          "z": -0.105945745
        },
        {
          "x": -0.813052553,
          "y": 1.626105106,
          "z": -0.813052553
        }
      ],
      "faces": [
        {
          "vertices": [
            0,
            1,
            2
          ]
        },
        {
          "vertices": [
            0,
            2,
            1
          ]
        }
      ]
    },
    {
      "id": "aaa051d7-fd92-4e23-9ed6-7ee7de55d424",
      "vertices": [
        {
          "x": 1.04875479,
          "y": -0.365458747,
          "z": 1.04875479
        },
        {
          "x": 1.04875479,
          "y": 1.04875479,
          "z": -0.365458747
        },
        {
          "x": -0.365458747,
          "y": 1.04875479,
          "z": 1.04875479
        }
      ],
      "faces": [
        {
          "vertices": [
            0,
            1,
            2
          ]
        },
        {
          "vertices": [
            0,
            2,
            1
          ]
        }
      ]
    },
    {
      "id": "d5f3e4b2-e999-4a75-9200-39e6bb72664d",
      "vertices": [
        {
          "x": -0.365458747,
          "y": 1.04875479,
          "z": 1.04875479
        },
        {
          "x": -0.813052553,
          "y": 1.626105106,
          "z": -0.813052553
        },
        {
          "x": -1.520159263,
          "y": -0.105945745,
          "z": -0.105945745
        }
      ],
      "faces": [
        {
          "vertices": [
            0,
            1,
            2
          ]
        },
        {
          "vertices": [
            0,
            2,
            1
          ]
        }
      ]
    },
    {
      "id": "75f2f1a7-108c-4538-b03e-15559e2b2251",
      "vertices": [
        {
          "x": 1.04875479,
          "y": 1.04875479,
          "z": -0.365458747
        },
        {
          "x": -0.105945745,
          "y": -0.105945745,
          "z": -1.520159263
        },
        {
          "x": -0.813052553,
          "y": 1.626105106,
          "z": -0.813052553
        }
      ],
      "faces": [
        {
          "vertices": [
            0,
            1,
            2
          ]
        },
        {
          "vertices": [
            0,
            2,
            1
          ]
        }
      ]
    },
    {
      "id": "614b2853-8a73-4a56-bc3a-8d2b6dabe6d8",
      "vertices": [
        {
          "x": -0.105945745,
          "y": -1.520159263,
          "z": -0.105945745
        },
        {
          "x": -0.813052553,
          "y": -0.813052553,
          "z": 1.626105106
        },
        {
          "x": -1.520159263,
          "y": -0.105945745,
          "z": -0.105945745
        }
      ],
      "faces": [
        {
          "vertices": [
            0,
            1,
            2
          ]
        },
        {
          "vertices": [
            0,
            2,
            1
          ]
        }
      ]
    },
    {
      "id": "b0d14124-c244-4dbf-9382-c460641f863e",
      "vertices": [
        {
          "x": 1.04875479,
          "y": 1.04875479,
          "z": -0.365458747
        },
        {
          "x": 1.626105106,
          "y": -0.813052553,
          "z": -0.813052553
        },
        {
          "x": -0.105945745,
          "y": -0.105945745,
          "z": -1.520159263
        }
      ],
      "faces": [
        {
          "vertices": [
            0,
            1,
            2
          ]
        },
        {
          "vertices": [
            0,
            2,
            1
          ]
        }
      ]
    },
    {
      "id": "ed87744f-b4f2-466e-b53e-64e993f75c22",
      "vertices": [
        {
          "x": 1.04875479,
          "y": -0.365458747,
          "z": 1.04875479
        },
        {
          "x": -0.105945745,
          "y": -1.520159263,
          "z": -0.105945745
        },
        {
          "x": 1.626105106,
          "y": -0.813052553,
          "z": -0.813052553
        }
      ],
      "faces": [
        {
          "vertices": [
            0,
            1,
            2
          ]
        },
        {
          "vertices": [
            0,
            2,
            1
          ]
        }
      ]
    },
    {
      "id": "4ae4c8eb-2d22-4f09-bbec-4c0defdc0641",
      "vertices": [
        {
          "x": 1.04875479,
          "y": -0.365458747,
          "z": 1.04875479
        },
        {
          "x": -0.813052553,
          "y": -0.813052553,
          "z": 1.626105106
        },
        {
          "x": -0.105945745,
          "y": -1.520159263,
          "z": -0.105945745
        }
      ],
      "faces": [
        {
          "vertices": [
            0,
            1,
            2
          ]
        },
        {
          "vertices": [
            0,
            2,
            1
          ]
        }
      ]
    },
    {
      "id": "90def836-a81f-49fd-8cc7-f3819d2a8fe7",
      "vertices": [
        {
          "x": 1.04875479,
          "y": -0.365458747,
          "z": 1.04875479
        },
        {
          "x": -0.365458747,
          "y": 1.04875479,
          "z": 1.04875479
        },
        {
          "x": -0.813052553,
          "y": -0.813052553,
          "z": 1.626105106
        }
      ],
      "faces": [
        {
          "vertices": [
            0,
            1,
            2
          ]
        },
        {
          "vertices": [
            0,
            2,
            1
          ]
        }
      ]
    },
    {
      "id": "d649abdf-1b09-473e-b8bc-965538b97e91",
      "vertices": [
        {
          "x": -0.813052553,
          "y": -0.813052553,
          "z": 1.626105106
        },
        {
          "x": -0.365458747,
          "y": 1.04875479,
          "z": 1.04875479
        },
        {
          "x": -1.520159263,
          "y": -0.105945745,
          "z": -0.105945745
        }
      ],
      "faces": [
        {
          "vertices": [
            0,
            1,
            2
          ]
        },
        {
          "vertices": [
            0,
            2,
            1
          ]
        }
      ]
    },
    {
      "id": "664db07c-afee-4e1d-9b24-ead1f950e4a0",
      "vertices": [
        {
          "x": 1.04875479,
          "y": -0.365458747,
          "z": 1.04875479
        },
        {
          "x": 1.626105106,
          "y": -0.813052553,
          "z": -0.813052553
        },
        {
          "x": 1.04875479,
          "y": 1.04875479,
          "z": -0.365458747
        }
      ],
      "faces": [
        {
          "vertices": [
            0,
            1,
            2
          ]
        },
        {
          "vertices": [
            0,
            2,
            1
          ]
        }
      ]
    },
    {
      "id": "5eaba83a-d16e-466a-b6db-e476d978f64d",
      "vertices": [
        {
          "x": -0.105945745,
          "y": -1.520159263,
          "z": -0.105945745
        },
        {
          "x": -1.520159263,
          "y": -0.105945745,
          "z": -0.105945745
        },
        {
          "x": -0.105945745,
          "y": -0.105945745,
          "z": -1.520159263
        }
      ],
      "faces": [
        {
          "vertices": [
            0,
            1,
            2
          ]
        },
        {
          "vertices": [
            0,
            2,
            1
          ]
        }
      ]
    },
    {
      "id": "582e356a-fa38-4901-aacf-fce4fb79c610",
      "vertices": [
        {
          "x": -0.105945745,
          "y": -1.520159263,
          "z": -0.105945745
        },
        {
          "x": -0.105945745,
          "y": -0.105945745,
          "z": -1.520159263
        },
        {
          "x": 1.626105106,
          "y": -0.813052553,
          "z": -0.813052553
        }
      ],
      "faces": [
        {
          "vertices": [
            0,
            1,
            2
          ]
        },
        {
          "vertices": [
            0,
            2,
            1
          ]
        }
      ]
    },
    {
      "id": "55098194-45ed-492a-bb5b-1fd7144b9ef8",
      "vertices": [
        {
          "x": -0.105945745,
          "y": -0.105945745,
          "z": -1.520159263
        },
        {
          "x": -1.520159263,
          "y": -0.105945745,
          "z": -0.105945745
        },
        {
          "x": -0.813052553,
          "y": 1.626105106,
          "z": -0.813052553
        }
      ],
      "faces": [
        {
          "vertices": [
            0,
            1,
            2
          ]
        },
        {
          "vertices": [
            0,
            2,
            1
          ]
        }
      ]
    },
    {
      "id": "6e0012b5-3054-4c37-b1e4-b2520b4f0024",
      "vertices": [
        {
          "x": 1.04875479,
          "y": 1.04875479,
          "z": -0.365458747
        },
        {
          "x": -0.813052553,
          "y": 1.626105106,
          "z": -0.813052553
        },
        {
          "x": -0.365458747,
          "y": 1.04875479,
          "z": 1.04875479
        }
      ],
      "faces": [
        {
          "vertices": [
            0,
            1,
            2
          ]
        },
        {
          "vertices": [
            0,
            2,
            1
          ]
        }
      ]
    },
    {
      "id": "a2952485-b013-47b5-94c7-bbc77430b5a8",
      "vertices": [
        {
          "x": -0.105945745,
          "y": -0.105945745,
          "z": -1.520159263
        },
        {
          "x": -1.520159263,
          "y": -0.105945745,
          "z": -0.105945745
        },
        {
          "x": -0.813052553,
          "y": 1.626105106,
          "z": -0.813052553
        }
      ],
      "faces": [
        {
          "vertices": [
            0,
            1,
            2
          ]
        },
        {
          "vertices": [
            0,
            2,
            1
          ]
        }
      ]
    },
    {
      "id": "55c1b08a-e682-4f15-a1ad-35eed1e155e6",
      "vertices": [
        {
          "x": -0.105945745,
          "y": -1.520159263,
          "z": -0.105945745
        },
        {
          "x": 1.04875479,
          "y": -0.365458747,
          "z": 1.04875479
        },
        {
          "x": -0.365458747,
          "y": 1.04875479,
          "z": 1.04875479
        },
        {
          "x": -1.520159263,
          "y": -0.105945745,
          "z": -0.105945745
        }
      ],
      "faces": [
        {
          "vertices": [
            0,
            1,
            2
          ]
        },
        {
          "vertices": [
            0,
            2,
            3
          ]
        },
        {
          "vertices": [
            0,
            3,
            2
          ]
        },
        {
          "vertices": [
            0,
            2,
            1
          ]
        }
      ]
    },
    {
      "id": "3dddf569-a4d1-4c39-982a-7934a70a74bf",
      "vertices": [
        {
          "x": -0.105945745,
          "y": -1.520159263,
          "z": -0.105945745
        },
        {
          "x": -1.520159263,
          "y": -0.105945745,
          "z": -0.105945745
        },
        {
          "x": -0.105945745,
          "y": -0.105945745,
          "z": -1.520159263
        }
      ],
      "faces": [
        {
          "vertices": [
            0,
            1,
            2
          ]
        },
        {
          "vertices": [
            0,
            2,
            1
          ]
        }
      ]
    },
    {
      "id": "aa5c5bd6-4ed8-4b19-baf6-267f69040aec",
      "vertices": [
        {
          "x": -0.365458747,
          "y": 1.04875479,
          "z": 1.04875479
        },
        {
          "x": -0.813052553,
          "y": 1.626105106,
          "z": -0.813052553
        },
        {
          "x": -1.520159263,
          "y": -0.105945745,
          "z": -0.105945745
        }
      ],
      "faces": [
        {
          "vertices": [
            0,
            1,
            2
          ]
        },
        {
          "vertices": [
            0,
            2,
            1
          ]
        }
      ]
    },
    {
      "id": "7f7cde9e-12c9-4de4-a076-24ac8eb04e94",
      "vertices": [
        {
          "x": 1.04875479,
          "y": -0.365458747,
          "z": 1.04875479
        },
        {
          "x": 1.626105106,
          "y": -0.813052553,
          "z": -0.813052553
        },
        {
          "x": 1.04875479,
          "y": 1.04875479,
          "z": -0.365458747
        }
      ],
      "faces": [
        {
          "vertices": [
            0,
            1,
            2
          ]
        },
        {
          "vertices": [
            0,
            2,
            1
          ]
        }
      ]
    },
    {
      "id": "cc876a4e-ff98-4fa6-80c8-ff24ed845f3e",
      "vertices": [
        {
          "x": -0.105945745,
          "y": -1.520159263,
          "z": -0.105945745
        },
        {
          "x": -0.105945745,
          "y": -0.105945745,
          "z": -1.520159263
        },
        {
          "x": 1.626105106,
          "y": -0.813052553,
          "z": -0.813052553
        }
      ],
      "faces": [
        {
          "vertices": [
            0,
            1,
            2
          ]
        },
        {
          "vertices": [
            0,
            2,
            1
          ]
        }
      ]
    },
    {
      "id": "cdb0d135-30d2-40ee-ab4d-135db577314b",
      "vertices": [
        {
          "x": 1.04875479,
          "y": 1.04875479,
          "z": -0.365458747
        },
        {
          "x": 1.626105106,
          "y": -0.813052553,
          "z": -0.813052553
        },
        {
          "x": -0.105945745,
          "y": -0.105945745,
          "z": -1.520159263
        }
      ],
      "faces": [
        {
          "vertices": [
            0,
            1,
            2
          ]
        },
        {
          "vertices": [
            0,
            2,
            1
          ]
        }
      ]
    },
    {
      "id": "3bb9ec6e-7111-4a78-8212-b7a8e8910fb9",
      "vertices": [
        {
          "x": 1.04875479,
          "y": -0.365458747,
          "z": 1.04875479
        },
        {
          "x": 1.04875479,
          "y": 1.04875479,
          "z": -0.365458747
        },
        {
          "x": -0.365458747,
          "y": 1.04875479,
          "z": 1.04875479
        }
      ],
      "faces": [
        {
          "vertices": [
            0,
            1,
            2
          ]
        },
        {
          "vertices": [
            0,
            2,
            1
          ]
        }
      ]
    },
    {
      "id": "19fbab06-fd2a-4f79-b402-754d93d77a71",
      "vertices": [
        {
          "x": 1.04875479,
          "y": 1.04875479,
          "z": -0.365458747
        },
        {
          "x": -0.813052553,
          "y": 1.626105106,
          "z": -0.813052553
        },
        {
          "x": -0.365458747,
          "y": 1.04875479,
          "z": 1.04875479
        }
      ],
      "faces": [
        {
          "vertices": [
            0,
            1,
            2
          ]
        },
        {
          "vertices": [
            0,
            2,
            1
          ]
        }
      ]
    },
    {
      "id": "9f70fc79-b410-4c4f-927a-47e67889dc75",
      "vertices": [
        {
          "x": 1.04875479,
          "y": -0.365458747,
          "z": 1.04875479
        },
        {
          "x": -0.105945745,
          "y": -1.520159263,
          "z": -0.105945745
        },
        {
          "x": 1.626105106,
          "y": -0.813052553,
          "z": -0.813052553
        }
      ],
      "faces": [
        {
          "vertices": [
            0,
            1,
            2
          ]
        },
        {
          "vertices": [
            0,
            2,
            1
          ]
        }
      ]
    },
    {
      "id": "11f3322e-c72d-4694-83f3-19873a74e061",
      "vertices": [
        {
          "x": 1.04875479,
          "y": 1.04875479,
          "z": -0.365458747
        },
        {
          "x": -0.105945745,
          "y": -0.105945745,
          "z": -1.520159263
        },
        {
          "x": -0.813052553,
          "y": 1.626105106,
          "z": -0.813052553
        }
      ],
      "faces": [
        {
          "vertices": [
            0,
            1,
            2
          ]
        },
        {
          "vertices": [
            0,
            2,
            1
          ]
        }
      ]
    }
  ],
  "instances": [
    {
      "shape": "d675303d-f4f2-4d48-b1cd-cb3e0a8ce1fb",
      "color": "#F7CF7F",
      "position": {
        "x": 0,
        "y": 0,
        "z": 0
      }
    },
    {
      "shape": "71402482-5ffc-4731-ba9c-7a5565e6caa8",
      "color": "#FFFFFF",
      "position": {
        "x": 0,
        "y": 0,
        "z": 0
      }
    },
    {
      "shape": "b7d84929-c5f7-467e-89c9-f804df67814e",
      "color": "#008D36",
      "position": {
        "x": -0.105945745,
        "y": -0.105945745,
        "z": -1.520159263
      },
      "orientation": 12
    },
    {
      "shape": "d8f8024f-3a05-446d-b900-751b920ecd43",
      "color": "#FFFFFF",
      "position": {
        "x": 1.04875479,
        "y": -0.365458747,
        "z": 1.04875479
      }
    },
    {
      "shape": "d8f8024f-3a05-446d-b900-751b920ecd43",
      "color": "#FFFFFF",
      "position": {
        "x": -0.365458747,
        "y": 1.04875479,
        "z": 1.04875479
      }
    },
    {
      "shape": "57eccfa2-65cc-469c-bbe5-edebd7e052e2",
      "color": "#FFFFFF",
      "position": {
        "x": 1.626105106,
        "y": -0.813052553,
        "z": -0.813052553
      },
      "orientation": 8
    },
    {
      "shape": "b7d84929-c5f7-467e-89c9-f804df67814e",
      "color": "#008D36",
      "position": {
        "x": 1.04875479,
        "y": 1.04875479,
        "z": -0.365458747
      },
      "orientation": 12
    },
    {
      "shape": "c19f46cd-fe29-4466-ab9c-c7507e2f979b",
