{
  "field": "golden",
  "symmetry": "icosahedral",
  "orientations": [
    [
      1,
      0,
      0,
      0,
      0,
      1,
      0,
      0,
      0,
      0,
      1,
      0,
      0,
      0,
      0,
      1
    ],
    [
      0,
      0,
      1,
      0,
      1,
      0,
      0,
      0,
      0,
      1,
      0,
      0,
      0,
      0,
      0,
      1
    ],
    [
      0,
      1,
      0,
      0,
      0,
      0,
      1,
      0,
      1,
      0,
      0,
      0,
      0,
      0,
      0,
      1
    ],
    [
      0.809017,
      0.309017,
      0.5,
      0,
      0.309017,
      0.5,
      -0.809017,
      0,
      -0.5,
      0.809017,
      0.309017,
      0,
      0,
      0,
      0,
      1
    ],
    [
      -0.5,
      0.809017,
      0.309017,
      0,
      0.809017,
      0.309017,
      0.5,
      0,
      0.309017,
      0.5,
      -0.809017,
      0,
      0,
      0,
      0,
      1
    ],
    [
      0.309017,
      0.5,
      -0.809017,
      0,
      -0.5,
      0.809017,
      0.309017,
      0,
      0.809017,
      0.309017,
      0.5,
      0,
      0,
      0,
      0,
      1
    ],
    [
      0.5,
      0.809017,
      0.309017,
      0,
      0.809017,
      -0.309017,
      -0.5,
      0,
      -0.309017,
      0.5,
      -0.809017,
      0,
      0,
      0,
      0,
      1
    ],
    [
      -0.309017,
      0.5,
      -0.809017,
      0,
      0.5,
      0.809017,
      0.309017,
      0,
      0.809017,
      -0.309017,
      -0.5,
      0,
      0,
      0,
      0,
      1
    ],
    [
      0.809017,
      -0.309017,
      -0.5,
      0,
      -0.309017,
      0.5,
      -0.809017,
      0,
      0.5,
      0.809017,
      0.309017,
      0,
      0,
      0,
      0,
      1
    ],
    [
      0.5,
      0.809017,
      -0.309017,
      0,
      0.809017,
      -0.309017,
      0.5,
      0,
      0.309017,
      -0.5,
      -0.809017,
      0,
      0,
      0,
      0,
      1
    ],
    [
      0.309017,
      -0.5,
      -0.809017,
      0,
      0.5,
      0.809017,
      -0.309017,
      0,
      0.809017,
      -0.309017,
      0.5,
      0,
      0,
      0,
      0,
      1
    ],
    [
      0.809017,
      -0.309017,
      0.5,
      0,
      0.309017,
      -0.5,
      -0.809017,
      0,
      0.5,
      0.809017,
      -0.309017,
      0,
      0,
      0,
      0,
      1
    ],
    [
      0.809017,
      0.309017,
      -0.5,
      0,
      0.309017,
      0.5,
      0.809017,
      0,
      0.5,
      -0.809017,
      0.309017,
      0,
      0,
      0,
      0,
      1
    ],
    [
      0.5,
      -0.809017,
      0.309017,
      0,
      0.809017,
      0.309017,
      -0.5,
      0,
      0.309017,
      0.5,
      0.809017,
      0,
      0,
      0,
      0,
      1
    ],
    [
      0.309017,
      0.5,
      0.809017,
      0,
      0.5,
      -0.809017,
      0.309017,
      0,
      0.809017,
      0.309017,
      -0.5,
      0,
      0,
      0,
      0,
      1
    ],
    [
      1,
      0,
      0,
      0,
      0,
      -1,
      0,
      0,
      0,
      0,
      -1,
      0,
      0,
      0,
      0,
      1
    ],
    [
      0,
      0,
      1,
      0,
      -1,
      0,
      0,
      0,
      0,
      -1,
      0,
      0,
      0,
      0,
      0,
      1
    ],
    [
      0,
      1,
      0,
      0,
      0,
      0,
      -1,
      0,
      -1,
      0,
      0,
      0,
      0,
      0,
      0,
      1
    ],
    [
      0.809017,
      0.309017,
      0.5,
      0,
      -0.309017,
      -0.5,
      0.809017,
      0,
      0.5,
      -0.809017,
      -0.309017,
      0,
      0,
      0,
      0,
      1
    ],
    [
      -0.5,
      0.809017,
      0.309017,
      0,
      -0.809017,
      -0.309017,
      -0.5,
      0,
      -0.309017,
      -0.5,
      0.809017,
      0,
      0,
      0,
      0,
      1
    ],
    [
      0.309017,
      0.5,
      -0.809017,
      0,
      0.5,
      -0.809017,
      -0.309017,
      0,
      -0.809017,
      -0.309017,
      -0.5,
      0,
      0,
      0,
      0,
      1
    ],
    [
      0.5,
      0.809017,
      0.309017,
      0,
      -0.809017,
      0.309017,
      0.5,
      0,
      0.309017,
      -0.5,
      0.809017,
      0,
      0,
      0,
      0,
      1
    ],
    [
      -0.309017,
      0.5,
      -0.809017,
      0,
      -0.5,
      -0.809017,
      -0.309017,
      0,
      -0.809017,
      0.309017,
      0.5,
      0,
      0,
      0,
      0,
      1
    ],
    [
      0.809017,
      -0.309017,
      -0.5,
      0,
      0.309017,
      -0.5,
      0.809017,
      0,
      -0.5,
      -0.809017,
      -0.309017,
      0,
      0,
      0,
      0,
      1
    ],
    [
      0.5,
      0.809017,
      -0.309017,
      0,
      -0.809017,
      0.309017,
      -0.5,
      0,
      -0.309017,
      0.5,
      0.809017,
      0,
      0,
      0,
      0,
      1
    ],
    [
      0.309017,
      -0.5,
      -0.809017,
      0,
      -0.5,
      -0.809017,
      0.309017,
      0,
      -0.809017,
      0.309017,
      -0.5,
      0,
      0,
      0,
      0,
      1
    ],
    [
      0.809017,
      -0.309017,
      0.5,
      0,
      -0.309017,
      0.5,
      0.809017,
      0,
      -0.5,
      -0.809017,
      0.309017,
      0,
      0,
      0,
      0,
      1
    ],
    [
      0.809017,
      0.309017,
      -0.5,
      0,
      -0.309017,
      -0.5,
      -0.809017,
      0,
      -0.5,
      0.809017,
      -0.309017,
      0,
      0,
      0,
      0,
      1
    ],
    [
      0.5,
      -0.809017,
      0.309017,
      0,
      -0.809017,
      -0.309017,
      0.5,
      0,
      -0.309017,
      -0.5,
      -0.809017,
      0,
      0,
      0,
      0,
      1
    ],
    [
      0.309017,
      0.5,
      0.809017,
      0,
      -0.5,
      0.809017,
      -0.309017,
      0,
      -0.809017,
      -0.309017,
      0.5,
      0,
      0,
      0,
      0,
      1
    ],
    [
      -1,
      0,
      0,
      0,
      0,
      -1,
      0,
      0,
      0,
      0,
      1,
      0,
      0,
      0,
      0,
      1
    ],
    [
      0,
      0,
      -1,
      0,
      -1,
      0,
      0,
      0,
      0,
      1,
      0,
      0,
      0,
      0,
      0,
      1
    ],
    [
      0,
      -1,
      0,
      0,
      0,
      0,
      -1,
      0,
      1,
      0,
      0,
      0,
      0,
      0,
      0,
      1
    ],
    [
      -0.809017,
      -0.309017,
      -0.5,
      0,
      -0.309017,
      -0.5,
      0.809017,
      0,
      -0.5,
      0.809017,
      0.309017,
      0,
      0,
      0,
      0,
      1
    ],
    [
      0.5,
      -0.809017,
      -0.309017,
      0,
      -0.809017,
      -0.309017,
      -0.5,
      0,
      0.309017,
      0.5,
      -0.809017,
      0,
      0,
      0,
      0,
      1
    ],
    [
      -0.309017,
      -0.5,
      0.809017,
      0,
      0.5,
      -0.809017,
      -0.309017,
      0,
      0.809017,
      0.309017,
      0.5,
      0,
      0,
      0,
      0,
      1
    ],
    [
      -0.5,
      -0.809017,
      -0.309017,
      0,
      -0.809017,
      0.309017,
      0.5,
      0,
      -0.309017,
      0.5,
      -0.809017,
      0,
      0,
      0,
      0,
      1
    ],
    [
      0.309017,
      -0.5,
      0.809017,
      0,
      -0.5,
      -0.809017,
      -0.309017,
      0,
      0.809017,
      -0.309017,
      -0.5,
      0,
      0,
      0,
      0,
      1
    ],
    [
      -0.809017,
      0.309017,
      0.5,
      0,
      0.309017,
      -0.5,
      0.809017,
      0,
      0.5,
      0.809017,
      0.309017,
      0,
      0,
      0,
      0,
      1
    ],
    [
      -0.5,
      -0.809017,
      0.309017,
      0,
      -0.809017,
      0.309017,
      -0.5,
      0,
      0.309017,
      -0.5,
      -0.809017,
      0,
      0,
      0,
      0,
      1
    ],
    [
      -0.309017,
      0.5,
      0.809017,
      0,
      -0.5,
      -0.809017,
      0.309017,
      0,
      0.809017,
      -0.309017,
      0.5,
      0,
      0,
      0,
      0,
      1
    ],
    [
      -0.809017,
      0.309017,
      -0.5,
      0,
      -0.309017,
      0.5,
      0.809017,
      0,
      0.5,
      0.809017,
      -0.309017,
      0,
      0,
      0,
      0,
      1
    ],
    [
      -0.809017,
      -0.309017,
      0.5,
      0,
      -0.309017,
      -0.5,
      -0.809017,
      0,
      0.5,
      -0.809017,
      0.309017,
      0,
      0,
      0,
      0,
      1
    ],
    [
      -0.5,
      0.809017,
      -0.309017,
      0,
      -0.809017,
      -0.309017,
      0.5,
      0,
      0.309017,
      0.5,
      0.809017,
      0,
      0,
      0,
      0,
      1
    ],
    [
      -0.309017,
      -0.5,
      -0.809017,
      0,
      -0.5,
      0.809017,
      -0.309017,
      0,
      0.809017,
      0.309017,
      -0.5,
      0,
      0,
      0,
      0,
      1
    ],
    [
      -1,
      0,
      0,
      0,
      0,
      1,
      0,
      0,
      0,
      0,
      -1,
      0,
      0,
      0,
      0,
      1
    ],
    [
      0,
      0,
      -1,
      0,
      1,
      0,
      0,
      0,
      0,
      -1,
      0,
      0,
      0,
      0,
      0,
      1
    ],
    [
      0,
      -1,
      0,
      0,
      0,
      0,
      1,
      0,
      -1,
      0,
      0,
      0,
      0,
      0,
      0,
      1
    ],
    [
      -0.809017,
      -0.309017,
      -0.5,
      0,
      0.309017,
      0.5,
      -0.809017,
      0,
      0.5,
      -0.809017,
      -0.309017,
      0,
      0,
      0,
      0,
      1
    ],
    [
      0.5,
      -0.809017,
      -0.309017,
      0,
      0.809017,
      0.309017,
      0.5,
      0,
      -0.309017,
      -0.5,
      0.809017,
      0,
      0,
      0,
      0,
      1
    ],
    [
      -0.309017,
      -0.5,
      0.809017,
      0,
      -0.5,
      0.809017,
      0.309017,
      0,
      -0.809017,
      -0.309017,
      -0.5,
      0,
      0,
      0,
      0,
      1
    ],
    [
      -0.5,
      -0.809017,
      -0.309017,
      0,
      0.809017,
      -0.309017,
      -0.5,
      0,
      0.309017,
      -0.5,
      0.809017,
      0,
      0,
      0,
      0,
      1
    ],
    [
      0.309017,
      -0.5,
      0.809017,
      0,
      0.5,
      0.809017,
      0.309017,
      0,
      -0.809017,
      0.309017,
      0.5,
      0,
      0,
      0,
      0,
      1
    ],
    [
      -0.809017,
      0.309017,
      0.5,
      0,
      -0.309017,
      0.5,
      -0.809017,
      0,
      -0.5,
      -0.809017,
      -0.309017,
      0,
      0,
      0,
      0,
      1
    ],
    [
      -0.5,
      -0.809017,
      0.309017,
      0,
      0.809017,
      -0.309017,
      0.5,
      0,
      -0.309017,
      0.5,
      0.809017,
      0,
      0,
      0,
      0,
      1
    ],
    [
      -0.309017,
      0.5,
      0.809017,
      0,
      0.5,
      0.809017,
      -0.309017,
      0,
      -0.809017,
      0.309017,
      -0.5,
      0,
      0,
      0,
      0,
      1
    ],
    [
      -0.809017,
      0.309017,
      -0.5,
      0,
      0.309017,
      -0.5,
      -0.809017,
      0,
      -0.5,
      -0.809017,
      0.309017,
      0,
      0,
      0,
      0,
      1
    ],
    [
      -0.809017,
      -0.309017,
      0.5,
      0,
      0.309017,
      0.5,
      0.809017,
      0,
      -0.5,
      0.809017,
      -0.309017,
      0,
      0,
      0,
      0,
      1
    ],
    [
      -0.5,
      0.809017,
      -0.309017,
      0,
      0.809017,
      0.309017,
      -0.5,
      0,
      -0.309017,
      -0.5,
      -0.809017,
      0,
      0,
      0,
      0,
      1
    ],
    [
      -0.309017,
      -0.5,
      -0.809017,
      0,
      0.5,
      -0.809017,
      0.309017,
      0,
      -0.809017,
      -0.309017,
      0.5,
      0,
      0,
      0,
      0,
      1
    ]
  ],
  "lights": {
    "directionalLights": [
      {
        "direction": [
          1,
          -1,
          -1
        ],
        "color": "#EBEBE4"
      },
      {
        "direction": [
          -1,
          0,
          0
        ],
        "color": "#E4E4EB"
      },
      {
        "direction": [
          0,
          0,
          -1
        ],
        "color": "#1E1E1E"
      }
    ],
    "backgroundColor": "#AFC8DC",
    "ambientColor": "#292929"
  },
  "camera": {
    "position": {
      "x": 0,
      "y": 0,
      "z": 10
    },
    "nearClipDistance": 0.025,
    "perspective": true,
    "width": 4.5,
    "fieldOfView": 4.4,
    "lookAtPoint": {
      "x": 0,
      "y": 0,
      "z": 0
    },
    "viewDistance": 10,
    "farClipDistance": 20,
    "lookDirection": {
      "x": 0,
      "y": 0,
      "z": -1
    },
    "upDirection": {
      "x": 0,
      "y": 1,
      "z": 0
    },
    "stereo": false
  },
  "embedding": [
    1,
    0,
    0,
    0,
    0,
    1,
    0,
    0,
    0,
    0,
    1,
    0,
    0,
    0,
    0,
    1
  ],
  "shapes": [
    {
      "id": "a6b272b5-ef5a-48e9-80fe-74f852a225e2",
      "vertices": [
        {
          "x": 1.763932037,
          "y": -0.072949018,
          "z": -0.045084973
        },
        {
          "x": 1.763932037,
          "y": -0.072949018,
          "z": 0.045084973
        },
        {
          "x": 0.236067978,
          "y": -0.072949018,
          "z": 0.045084973
        },
        {
          "x": 0.236067978,
          "y": -0.072949018,
          "z": -0.045084973
        },
        {
          "x": 0.145898037,
          "y": -0.045084973,
          "z": -0.027864045
        },
        {
          "x": 0.145898037,
          "y": 0.045084973,
          "z": -0.027864045
        },
        {
          "x": 0.236067978,
          "y": 0.045084973,
          "z": -0.027864045
        },
        {
          "x": 0.236067978,
          "y": -0.045084973,
          "z": -0.027864045
        },
        {
          "x": 1.763932037,
          "y": -0.045084973,
          "z": -0.027864045
        },
        {
          "x": 1.763932037,
          "y": -0.045084973,
          "z": 0.027864045
        },
        {
          "x": 1.763932037,
          "y": 0.072949018,
          "z": 0.045084973
        },
        {
          "x": 0.236067978,
          "y": 0.072949018,
          "z": 0.045084973
        },
        {
          "x": 0.145898037,
          "y": 0,
          "z": 0
        },
        {
          "x": 0.145898037,
          "y": -0.045084973,
          "z": 0.027864045
        },
        {
          "x": 1.763932037,
          "y": 0.072949018,
          "z": -0.045084973
        },
        {
          "x": 0.236067978,
          "y": 0.072949018,
          "z": -0.045084973
        },
        {
          "x": 1.854101978,
          "y": 0,
          "z": 0
        },
        {
          "x": 1.854101978,
          "y": -0.045084973,
          "z": 0.027864045
        },
        {
          "x": 1.854101978,
          "y": -0.045084973,
          "z": -0.027864045
        },
        {
          "x": 1.854101978,
          "y": 0.045084973,
          "z": 0.027864045
        },
        {
          "x": 1.854101978,
          "y": 0.045084973,
          "z": -0.027864045
        },
        {
          "x": 1.763932037,
          "y": 0.045084973,
          "z": -0.027864045
        },
        {
          "x": 1.763932037,
          "y": 0.045084973,
          "z": 0.027864045
        },
        {
          "x": 0.236067978,
          "y": -0.045084973,
          "z": 0.027864045
        },
        {
          "x": 2.000000015,
          "y": 0,
          "z": 0
        },
        {
          "x": 0.145898037,
          "y": 0.045084973,
          "z": 0.027864045
        },
        {
          "x": 0.236067978,
          "y": 0.045084973,
          "z": 0.027864045
        }
      ],
      "faces": [
        {
          "vertices": [
            9,
            17,
            19
          ]
        },
        {
          "vertices": [
            9,
            19,
            22
          ]
        },
        {
          "vertices": [
            10,
            22,
            21
          ]
        },
        {
          "vertices": [
            10,
            21,
            14
          ]
        },
        {
          "vertices": [
            8,
            21,
            20
          ]
        },
        {
          "vertices": [
            8,
            20,
            18
          ]
        },
        {
          "vertices": [
            0,
            1,
            2
          ]
        },
        {
          "vertices": [
            0,
            2,
            3
          ]
        },
        {
          "vertices": [
            0,
            8,
            9
          ]
        },
        {
          "vertices": [
            0,
            9,
            1
          ]
        },
        {
          "vertices": [
            19,
            20,
            21
          ]
        },
        {
          "vertices": [
            19,
            21,
            22
          ]
        },
        {
          "vertices": [
            4,
            12,
            5
          ]
        },
        {
          "vertices": [
            4,
            5,
            6
          ]
        },
        {
          "vertices": [
            4,
            6,
            7
          ]
        },
        {
          "vertices": [
            13,
            23,
            26
          ]
        },
        {
          "vertices": [
            13,
            26,
            25
          ]
        },
        {
          "vertices": [
            1,
            10,
            11
          ]
        },
        {
          "vertices": [
            1,
            11,
            2
          ]
        },
        {
          "vertices": [
            4,
            13,
            12
          ]
        },
        {
          "vertices": [
            3,
            7,
            6
          ]
        },
        {
          "vertices": [
            3,
            6,
            15
          ]
        },
        {
          "vertices": [
            0,
            3,
            15
          ]
        },
        {
          "vertices": [
            0,
            15,
            14
          ]
        },
        {
          "vertices": [
            2,
            23,
            7
          ]
        },
        {
          "vertices": [
            2,
            7,
            3
          ]
        },
        {
          "vertices": [
            1,
            9,
            22
          ]
        },
        {
          "vertices": [
            1,
            22,
            10
          ]
        },
        {
          "vertices": [
            5,
            12,
            25
          ]
        },
        {
          "vertices": [
            0,
            14,
            21
          ]
        },
        {
          "vertices": [
            0,
            21,
            8
          ]
        },
        {
          "vertices": [
            4,
            7,
            23
          ]
        },
        {
          "vertices": [
            4,
            23,
            13
          ]
        },
        {
          "vertices": [
            10,
            14,
            15
          ]
        },
        {
          "vertices": [
            10,
            15,
            11
          ]
        },
        {
          "vertices": [
            12,
            13,
            25
          ]
        },
        {
          "vertices": [
            16,
            17,
            18
          ]
        },
        {
          "vertices": [
            16,
            19,
            17
          ]
        },
        {
          "vertices": [
            8,
            18,
            17
          ]
        },
        {
          "vertices": [
            8,
            17,
            9
          ]
        },
        {
          "vertices": [
            16,
            18,
            20
          ]
        },
        {
          "vertices": [
            16,
            20,
            19
          ]
        },
        {
          "vertices": [
            6,
            26,
            11
          ]
        },
        {
          "vertices": [
            6,
            11,
            15
          ]
        },
        {
          "vertices": [
            2,
            11,
            26
          ]
        },
        {
          "vertices": [
            2,
            26,
            23
          ]
        },
        {
          "vertices": [
            5,
            25,
            26
          ]
        },
        {
          "vertices": [
            5,
            26,
            6
          ]
        }
      ]
    },
    {
      "id": "14dc3788-ee8e-4292-995a-84c4bc68a8a1",
      "vertices": [
        {
          "x": -0.173762073,
          "y": 0.16311896,
          "z": 0
        },
        {
          "x": -0.100813061,
          "y": 0.118033989,
          "z": 0
        },
        {
          "x": -0.118033989,
          "y": 0.090169946,
          "z": 0.045084973
        },
        {
          "x": -0.190983007,
          "y": 0.135254912,
          "z": 0.045084973
        },
        {
          "x": 0.173762073,
          "y": -0.16311896,
          "z": 0
        },
        {
          "x": 0.171249589,
          "y": -0.177827387,
          "z": 0
        },
        {
          "x": 0.193495502,
          "y": -0.141832734,
          "z": -0.058240588
        },
        {
          "x": 0.190983007,
          "y": -0.135254912,
          "z": -0.045084973
        },
        {
          "x": 0.135254912,
          "y": -0.045084973,
          "z": -0.190983007
        },
        {
          "x": 0.090169946,
          "y": -0.045084973,
          "z": -0.118033989
        },
        {
          "x": 0.118033989,
          "y": 0,
          "z": -0.100813061
        },
        {
          "x": 0.16311896,
          "y": 0,
          "z": -0.173762073
        },
        {
          "x": 0.227937372,
          "y": 0.045084973,
          "z": -0.027864045
        },
        {
          "x": 0.145898037,
          "y": 0.045084973,
          "z": -0.027864045
        },
        {
          "x": 0.145898037,
          "y": -0.045084973,
          "z": -0.027864045
        },
        {
          "x": 0.227937372,
          "y": -0.045084973,
          "z": -0.027864045
        },
        {
          "x": -0.190983007,
          "y": 0.145898037,
          "z": -0.072949018
        },
        {
          "x": -0.179083647,
          "y": 0.143865373,
          "z": -0.086881037
        },
        {
          "x": -0.143865373,
          "y": 0.086881037,
          "z": -0.179083647
        },
        {
          "x": -0.145898037,
          "y": 0.072949018,
          "z": -0.190983007
        },
        {
          "x": -0.045084973,
          "y": 0.190983007,
          "z": -0.135254912
        },
        {
          "x": -0.058240588,
          "y": 0.193495502,
          "z": -0.141832734
        },
        {
          "x": -0.035994666,
          "y": 0.22949017,
          "z": -0.083592134
        },
        {
          "x": -0.027864045,
          "y": 0.218847055,
          "z": -0.090169946
        },
        {
          "x": -0.027864045,
          "y": -0.227937372,
          "z": 0.045084973
        },
        {
          "x": 0.027864045,
          "y": -0.227937372,
          "z": 0.045084973
        },
        {
          "x": 0.031929355,
          "y": -0.236067978,
          "z": 0.051662781
        },
        {
          "x": -0.031929355,
          "y": -0.236067978,
          "z": 0.051662781
        },
        {
          "x": -0.16311896,
          "y": -0.135254912,
          "z": 0.090169946
        },
        {
          "x": -0.118033989,
          "y": -0.090169946,
          "z": 0.045084973
        },
        {
          "x": -0.090169946,
          "y": -0.045084973,
          "z": 0.118033989
        },
        {
          "x": -0.135254912,
          "y": -0.090169946,
          "z": 0.16311896
        },
        {
          "x": 0.227937372,
          "y": 0.045084973,
          "z": 0.027864045
        },
        {
          "x": 0.236067978,
          "y": 0.051662781,
          "z": -0.031929355
        },
        {
          "x": 0.236067978,
          "y": 0.051662781,
          "z": 0.031929355
        },
        {
          "x": -0.236067978,
          "y": -0.072949018,
          "z": 0.045084973
        },
        {
          "x": -0.232779067,
          "y": -0.056984341,
          "z": 0.053695434
        },
        {
          "x": -0.232779067,
          "y": 0.056984341,
          "z": 0.053695434
        },
        {
          "x": -0.236067978,
          "y": 0.072949018,
          "z": 0.045084973
        },
        {
          "x": -0.070436519,
          "y": 0.068883706,
          "z": 0.212269233
        },
        {
          "x": -0.115521489,
          "y": 0.086104634,
          "z": 0.1844052
        },
        {
          "x": -0.124611797,
          "y": 0.086104634,
          "z": 0.190983007
        },
        {
          "x": -0.072949018,
          "y": 0.066371211,
          "z": 0.222912358
        },
        {
          "x": -0.090169946,
          "y": 0.16311896,
          "z": 0.135254912
        },
        {
          "x": -0.045084973,
          "y": 0.118033989,
          "z": 0.090169946
        },
        {
          "x": -0.090169946,
          "y": 0.045084973,
          "z": 0.118033989
        },
        {
          "x": -0.135254912,
          "y": 0.090169946,
          "z": 0.16311896
        },
        {
          "x": -0.045084973,
          "y": 0.118033989,
          "z": -0.090169946
        },
        {
          "x": 0,
          "y": 0.100813061,
          "z": -0.118033989
        },
        {
          "x": 0,
          "y": 0.173762073,
          "z": -0.16311896
        },
        {
          "x": -0.190983007,
          "y": 0.021286236,
          "z": 0.14996334
        },
        {
          "x": -0.1844052,
          "y": 0.025351546,
          "z": 0.141832734
        },
        {
          "x": -0.212269233,
          "y": 0.070436519,
          "z": 0.068883706
        },
        {
          "x": -0.222912358,
          "y": 0.072949018,
          "z": 0.066371211
        },
        {
          "x": 0,
          "y": 0.128677102,
          "z": 0.190983007
        },
        {
          "x": 0,
          "y": 0.100813061,
          "z": 0.118033989
        },
        {
          "x": 0.045084973,
          "y": 0.027864045,
          "z": 0.145898037
        },
        {
          "x": 0.045084973,
          "y": 0.055728091,
          "z": 0.218847055
        },
        {
          "x": 0.045084973,
          "y": -0.190983007,
          "z": 0.135254912
        },
        {
          "x": 0.045084973,
          "y": -0.118033989,
          "z": 0.090169946
        },
        {
          "x": 0.027864045,
          "y": -0.145898037,
          "z": 0.045084973
        },
        {
          "x": 0.027864045,
          "y": -0.218847055,
          "z": 0.090169946
        },
        {
          "x": 0.159053657,
          "y": 0.072949018,
          "z": 0.169696767
        },
        {
          "x": 0.156541152,
          "y": 0.070436519,
          "z": 0.159053657
        },
        {
          "x": 0.1844052,
          "y": 0.115521489,
          "z": 0.086104634
        },
        {
          "x": 0.190983007,
          "y": 0.124611797,
          "z": 0.086104634
        },
        {
          "x": 0.159053657,
          "y": -0.156541152,
          "z": -0.070436519
        },
        {
          "x": 0.118033989,
          "y": -0.090169946,
          "z": -0.045084973
        },
        {
          "x": 0.045084973,
          "y": -0.118033989,
          "z": -0.090169946
        },
        {
          "x": 0.086104634,
          "y": -0.1844052,
          "z": -0.115521489
        },
        {
          "x": -0.045084973,
          "y": 0.190983007,
          "z": 0.135254912
        },
        {
          "x": -0.058240588,
          "y": 0.193495502,
          "z": 0.141832734
        },
        {
          "x": 0,
          "y": 0.171249589,
          "z": 0.177827387
        },
        {
          "x": 0,
          "y": 0.173762073,
          "z": 0.16311896
        },
        {
          "x": 0.031929355,
          "y": 0.236067978,
          "z": 0.051662781
        },
        {
          "x": -0.031929355,
          "y": 0.236067978,
          "z": 0.051662781
        },
        {
          "x": -0.045084973,
          "y": 0.236067978,
          "z": 0.072949018
        },
        {
          "x": 0.045084973,
          "y": 0.236067978,
          "z": 0.072949018
        },
        {
          "x": 0,
          "y": 0.16311896,
          "z": -0.190983007
        },
        {
          "x": 0.021286236,
          "y": 0.14996334,
          "z": -0.190983007
        },
        {
          "x": 0.072949018,
          "y": 0.066371211,
          "z": -0.222912358
        },
        {
          "x": 0.072949018,
          "y": 0.045084973,
          "z": -0.236067978
        },
        {
          "x": 0.236067978,
          "y": 0.072949018,
          "z": 0.045084973
        },
        {
          "x": 0.222912358,
          "y": 0.072949018,
          "z": 0.066371211
        },
        {
          "x": 0.190983007,
          "y": 0.021286236,
          "z": 0.14996334
        },
        {
          "x": 0.190983007,
          "y": 0,
          "z": 0.16311896
        },
        {
          "x": -0.227937372,
          "y": 0.045084973,
          "z": -0.027864045
        },
        {
          "x": -0.227937372,
          "y": 0.045084973,
          "z": 0.027864045
        },
        {
          "x": -0.236067978,
          "y": 0.051662781,
          "z": 0.031929355
        },
        {
          "x": -0.236067978,
          "y": 0.051662781,
          "z": -0.031929355
        },
        {
          "x": -0.227937372,
          "y": -0.045084973,
          "z": 0.027864045
        },
        {
          "x": -0.236067978,
          "y": -0.051662781,
          "z": 0.031929355
        },
        {
          "x": 0.051662781,
          "y": 0.031929355,
          "z": -0.236067978
        },
        {
          "x": -0.051662781,
          "y": 0.031929355,
          "z": -0.236067978
        },
        {
          "x": -0.072949018,
          "y": 0.045084973,
          "z": -0.236067978
        },
        {
          "x": 0.115521489,
          "y": -0.086104634,
          "z": -0.1844052
        },
        {
          "x": 0.070436519,
          "y": -0.068883706,
          "z": -0.212269233
        },
        {
          "x": 0.072949018,
          "y": -0.066371211,
          "z": -0.222912358
        },
        {
          "x": 0.124611797,
          "y": -0.086104634,
          "z": -0.190983007
        },
        {
          "x": 0.115521489,
          "y": 0.086104634,
          "z": 0.1844052
        },
        {
          "x": 0.070436519,
          "y": 0.068883706,
          "z": 0.212269233
        },
        {
          "x": 0.072949018,
          "y": 0.066371211,
          "z": 0.222912358
        },
        {
          "x": 0.124611797,
          "y": 0.086104634,
          "z": 0.190983007
        },
        {
          "x": -0.145898037,
          "y": 0.045084973,
          "z": 0.027864045
        },
        {
          "x": -0.1844052,
          "y": 0.115521489,
          "z": 0.086104634
        },
        {
          "x": -0.141832734,
          "y": 0.1844052,
          "z": 0.025351546
        },
        {
          "x": -0.159053657,
          "y": 0.156541152,
          "z": 0.070436519
        },
        {
          "x": 0.190983007,
          "y": -0.145898037,
          "z": -0.072949018
        },
        {
          "x": 0.169696767,
          "y": -0.159053657,
          "z": -0.072949018
        },
        {
          "x": 0.086104634,
          "y": -0.190983007,
          "z": -0.124611797
        },
        {
          "x": 0.072949018,
          "y": -0.190983007,
          "z": -0.145898037
        },
        {
          "x": 0.090169946,
          "y": 0.027864045,
          "z": 0.218847055
        },
        {
          "x": 0.090169946,
          "y": 0.045084973,
          "z": 0.118033989
        },
        {
          "x": 0.135254912,
          "y": 0.045084973,
          "z": 0.190983007
        },
        {
          "x": 0,
          "y": -0.16311896,
          "z": 0.190983007
        },
        {
          "x": 0,
          "y": -0.145898037,
          "z": 0.197560815
        },
        {
          "x": -0.056984341,
          "y": -0.053695434,
          "z": 0.232779067
        },
        {
          "x": -0.072949018,
          "y": -0.045084973,
          "z": 0.236067978
        },
        {
          "x": 0.045084973,
          "y": 0.027864045,
          "z": -0.227937372
        },
        {
          "x": 0.045084973,
          "y": 0.027864045,
          "z": -0.145898037
        },
        {
          "x": -0.045084973,
          "y": 0.027864045,
          "z": -0.145898037
        },
        {
          "x": -0.045084973,
          "y": 0.027864045,
          "z": -0.227937372
        },
        {
          "x": 0.135254912,
          "y": -0.045084973,
          "z": 0.190983007
        },
        {
          "x": 0.090169946,
          "y": -0.045084973,
          "z": 0.118033989
        },
        {
          "x": 0.045084973,
          "y": -0.027864045,
          "z": 0.145898037
        },
        {
          "x": 0.090169946,
          "y": -0.027864045,
          "z": 0.218847055
        },
        {
          "x": -0.218847055,
          "y": 0.045084973,
          "z": 0.055728091
        },
        {
          "x": -0.190983007,
          "y": 0,
          "z": 0.128677102
        },
        {
          "x": -0.197560815,
          "y": 0,
          "z": 0.145898037
        },
        {
          "x": -0.236067978,
          "y": -0.072949018,
          "z": -0.045084973
        },
        {
          "x": -0.232779067,
          "y": -0.056984341,
          "z": -0.053695434
        },
        {
          "x": -0.197560815,
          "y": 0,
          "z": -0.145898037
        },
        {
          "x": -0.190983007,
          "y": 0,
          "z": -0.16311896
        },
        {
          "x": -0.169696767,
          "y": 0.159053657,
          "z": -0.072949018
        },
        {
          "x": -0.086104634,
          "y": 0.190983007,
          "z": -0.124611797
        },
        {
          "x": -0.072949018,
          "y": 0.190983007,
          "z": -0.145898037
        },
        {
          "x": 0.190983007,
          "y": 0.135254912,
          "z": -0.045084973
        },
        {
          "x": 0.193495502,
          "y": 0.141832734,
          "z": -0.058240588
        },
        {
          "x": 0.171249589,
          "y": 0.177827387,
          "z": 0
        },
        {
          "x": 0.173762073,
          "y": 0.16311896,
          "z": 0
        },
        {
          "x": 0.135254912,
          "y": -0.090169946,
          "z": 0.16311896
        },
        {
          "x": 0.118033989,
          "y": -0.090169946,
          "z": 0.045084973
        },
        {
          "x": 0.16311896,
          "y": -0.135254912,
          "z": 0.090169946
        },
        {
          "x": -0.1844052,
          "y": 0.115521489,
          "z": -0.086104634
        },
        {
          "x": -0.212269233,
          "y": 0.070436519,
          "z": -0.068883706
        },
        {
          "x": -0.222912358,
          "y": 0.072949018,
          "z": -0.066371211
        },
        {
          "x": -0.190983007,
          "y": 0.124611797,
          "z": -0.086104634
        },
        {
          "x": -0.086881037,
          "y": 0.179083647,
          "z": 0.143865373
        },
        {
          "x": -0.143865373,
          "y": 0.086881037,
          "z": 0.179083647
        },
        {
          "x": 0.218847055,
          "y": -0.090169946,
          "z": -0.027864045
        },
        {
          "x": 0.22949017,
          "y": -0.083592134,
          "z": -0.035994666
        },
        {
          "x": 0.22949017,
          "y": -0.083592134,
          "z": 0.035994666
        },
        {
          "x": 0.218847055,
          "y": -0.090169946,
          "z": 0.027864045
        },
        {
          "x": -0.027864045,
          "y": -0.218847055,
          "z": -0.090169946
        },
        {
          "x": -0.035994666,
          "y": -0.22949017,
          "z": -0.083592134
        },
        {
          "x": -0.058240588,
          "y": -0.193495502,
          "z": -0.141832734
        },
        {
          "x": -0.045084973,
          "y": -0.190983007,
          "z": -0.135254912
        },
        {
          "x": -0.179083647,
          "y": -0.143865373,
          "z": -0.086881037
        },
        {
          "x": -0.16311896,
          "y": -0.135254912,
          "z": -0.090169946
        },
        {
          "x": -0.090169946,
          "y": -0.16311896,
          "z": -0.135254912
        },
        {
          "x": -0.086881037,
          "y": -0.179083647,
          "z": -0.143865373
        },
        {
          "x": 0.045084973,
          "y": -0.027864045,
          "z": 0.227937372
        },
        {
          "x": -0.045084973,
          "y": -0.027864045,
          "z": 0.145898037
        },
        {
          "x": -0.045084973,
          "y": -0.027864045,
          "z": 0.227937372
        },
        {
          "x": -0.156541152,
          "y": -0.070436519,
          "z": 0.159053657
        },
        {
          "x": -0.1844052,
          "y": -0.115521489,
          "z": 0.086104634
        },
        {
          "x": -0.027864045,
          "y": 0.227937372,
          "z": 0.045084973
        },
        {
          "x": -0.027864045,
          "y": 0.145898037,
          "z": 0.045084973
        },
        {
          "x": -0.027864045,
          "y": 0.145898037,
          "z": -0.045084973
        },
        {
          "x": -0.027864045,
          "y": 0.227937372,
          "z": -0.045084973
        },
        {
          "x": 0.118033989,
          "y": 0.090169946,
          "z": -0.045084973
        },
        {
          "x": 0.218847055,
          "y": 0.090169946,
          "z": -0.027864045
        },
        {
          "x": 0.021286236,
          "y": -0.14996334,
          "z": 0.190983007
        },
        {
          "x": 0.025351546,
          "y": -0.141832734,
          "z": 0.1844052
        },
        {
          "x": 0.070436519,
          "y": -0.068883706,
          "z": 0.212269233
        },
        {
          "x": 0.072949018,
          "y": -0.066371211,
          "z": 0.222912358
        },
        {
          "x": 0.056984341,
          "y": 0.053695434,
          "z": -0.232779067
        },
        {
          "x": 0.045084973,
          "y": 0.055728091,
          "z": -0.218847055
        },
        {
          "x": 0,
          "y": 0.128677102,
          "z": -0.190983007
        },
        {
          "x": 0,
          "y": 0.145898037,
          "z": -0.197560815
        },
        {
          "x": 0.115521489,
          "y": 0.086104634,
          "z": -0.1844052
        },
        {
          "x": 0.090169946,
          "y": 0.045084973,
          "z": -0.118033989
        },
        {
          "x": 0.045084973,
          "y": 0.118033989,
          "z": -0.090169946
        },
        {
          "x": 0.070436519,
          "y": 0.159053657,
